# Device Information: 
# Manufacturer:LGE
# Model: Nexus 4
# API-level: 21
# LGE Accelerometer Sensor: 
#     Resolution: 0.0011901855
#     Minimal Delay: 5000
#     Sensor Type: 1
# LGE Magnetometer Sensor: 
#     Resolution: 0.14953613
#     Minimal Delay: 20000
#     Sensor Type: 2
# Orientation: 
#     Resolution: 0.1
#     Minimal Delay: 5000
#     Sensor Type: 3
# LGE Proximity Sensor: 
#     Resolution: 0.10070801
#     Minimal Delay: 50000
#     Sensor Type: 8
# LGE Light Sensor: 
#     Resolution: 0.009994507
#     Minimal Delay: 50000
#     Sensor Type: 5
# LGE Gyroscope Sensor: 
#     Resolution: 0.0010681152
#     Minimal Delay: 5000
#     Sensor Type: 4
# LGE Barometer Sensor: 
#     Resolution: 0.009994507
#     Minimal Delay: 33333
#     Sensor Type: 6
# LGE Magnetometer Sensor: 
#     Resolution: 0.14953613
#     Minimal Delay: 20000
#     Sensor Type: 14
# LGE Gyroscope Sensor: 
#     Resolution: 0.0010681152
#     Minimal Delay: 5000
#     Sensor Type: 16
# Gravity: 
#     Resolution: 0.0011901855
#     Minimal Delay: 5000
#     Sensor Type: 9
# Linear Acceleration: 
#     Resolution: 0.0011901855
#     Minimal Delay: 5000
#     Sensor Type: 10
# Rotation Vector: 
#     Resolution: 5.9604645E-8
#     Minimal Delay: 5000
#     Sensor Type: 11
# Significant Motion: 
#     Resolution: 1.0
#     Minimal Delay: -1
#     Sensor Type: 17
# Game Rotation Vector: 
#     Resolution: 5.9604645E-8
#     Minimal Delay: 5000
#     Sensor Type: 15
# sample; timestamp; type; accuracy; data1; ...; dataN
#------------------------------------------------------------------
0; 1419822855062608543; 10; 3; -0.042596; -0.010968; -0.053983
1; 1419822855067620793; 10; 3; -0.253035; -0.158937; 0.059893
2; 1419822855072656193; 10; 3; -0.440988; -0.285699; 0.062621
3; 1419822855077722111; 10; 3; -0.171969; -0.182900; 0.109907
4; 1419822855082757512; 10; 3; 0.043620; 0.184075; 0.239567
5; 1419822855087762394; 10; 3; 0.256843; 0.446837; 0.285042
6; 1419822855092797795; 10; 3; 0.461204; 0.600541; 0.218706
7; 1419822855097863713; 10; 3; 0.577210; 0.692519; 0.100410
8; 1419822855102929631; 10; 3; 0.611622; 0.605872; -0.042575
9; 1419822855107934513; 10; 3; 0.316378; 0.311179; -0.024036
10; 1419822855112939396; 10; 3; 0.008211; -0.067886; 0.083911
11; 1419822855117974797; 10; 3; -0.158963; -0.221911; 0.106715
12; 1419822855123010197; 10; 3; -0.106261; -0.365491; -0.010164
13; 1419822855128045597; 10; 3; 0.021414; -0.253904; -0.037824
14; 1419822855133080998; 10; 3; 0.027853; -0.123585; -0.043869
15; 1419822855138116398; 10; 3; 0.063710; -0.050330; -0.049078
16; 1419822855143182316; 10; 3; -0.001336; 0.003277; 0.169036
17; 1419822855148217717; 10; 3; 0.022393; -0.012366; 0.423329
18; 1419822855153222599; 10; 3; 0.042836; 0.043698; 0.558880
19; 1419822855158258000; 10; 3; 0.041704; 0.019330; 0.691373
20; 1419822855163293400; 10; 3; 0.054581; -0.073183; 0.708225
21; 1419822855168328801; 10; 3; -0.051361; -0.050368; 0.525696
22; 1419822855173364201; 10; 3; -0.075957; -0.036693; 0.439806
23; 1419822855178399601; 10; 3; -0.146270; -0.087619; 0.341059
24; 1419822855183435002; 10; 3; -0.307743; -0.016411; 0.235116
25; 1419822855188470402; 10; 3; -0.309628; 0.044463; 0.174427
26; 1419822855193505803; 10; 3; -0.329489; 0.137052; 0.074365
27; 1419822855198541203; 10; 3; -0.284986; 0.179013; 0.018663
28; 1419822855203576603; 10; 3; -0.260660; 0.151546; -0.059986
29; 1419822855208673039; 10; 3; 0.216994; -0.354207; -0.620710
30; 1419822855213677922; 10; 3; 0.095164; -0.141464; -0.636083
31; 1419822855218682804; 10; 3; -0.107974; -0.062542; -0.482635
32; 1419822855223718205; 10; 3; -0.220939; -0.020299; -0.376596
33; 1419822855228753605; 10; 3; -0.209883; -0.031166; -0.352214
34; 1419822855233789006; 10; 3; -0.198751; -0.041728; -0.328397
35; 1419822855238824406; 10; 3; -0.117010; -0.039213; -0.395783
36; 1419822855243859806; 10; 3; -0.000281; -0.098954; -0.484108
37; 1419822855248895207; 10; 3; 0.049118; -0.143663; -0.724538
38; 1419822855253991642; 10; 3; 0.070456; -0.154940; -0.751925
39; 1419822855258996525; 10; 3; 0.115102; -0.148184; -0.609326
40; 1419822855264001408; 10; 3; 0.177870; -0.149522; -0.464271
41; 1419822855269036808; 10; 3; 0.324008; -0.103174; -0.357031
42; 1419822855274072209; 10; 3; 0.337575; -0.067425; -0.257320
43; 1419822855279107609; 10; 3; 0.328585; -0.068895; -0.248109
44; 1419822855284173527; 10; 3; 0.265424; -0.153520; -0.274956
45; 1419822855289178410; 10; 3; 0.127479; -0.136798; -0.098188
46; 1419822855294244328; 10; 3; 0.022469; -0.186549; -0.063030
47; 1419822855299279728; 10; 3; 0.010460; 0.013113; 0.083241
48; 1419822855304284611; 10; 3; -0.077205; 0.061748; 0.037869
49; 1419822855309350529; 10; 3; -0.182089; 0.110397; 0.141963
50; 1419822855314385929; 10; 3; -0.236683; 0.103055; 0.133563
51; 1419822855319421330; 10; 3; -0.308872; 0.083969; 0.100002
52; 1419822855324426213; 10; 3; -0.386834; 0.101267; 0.214554
53; 1419822855329492131; 10; 3; -0.353844; 0.182243; 0.172055
54; 1419822855334497013; 10; 3; -0.315240; 0.116471; 0.105102
55; 1419822855339532414; 10; 3; -0.204659; 0.065290; 0.189716
56; 1419822855344567814; 10; 3; -0.073613; 0.055280; 0.188274
57; 1419822855349603215; 10; 3; 0.031099; -0.003217; 0.225152
58; 1419822855354638615; 10; 3; 0.133565; -0.013424; 0.130013
59; 1419822855359704533; 10; 3; 0.263393; -0.022829; 0.156520
60; 1419822855364709416; 10; 3; 0.255429; -0.074464; 0.064663
61; 1419822855369744816; 10; 3; 0.289795; -0.126660; -0.158996
62; 1419822855374780217; 10; 3; 0.153564; -0.097225; -0.203482
63; 1419822855379815617; 10; 3; 0.102522; -0.116107; -0.302664
64; 1419822855384851017; 10; 3; -0.042508; -0.082805; -0.382064
65; 1419822855389886418; 10; 3; -0.057315; -0.104620; -0.303848
66; 1419822855394921818; 10; 3; -0.155836; -0.046934; -0.256895
67; 1419822855399957219; 10; 3; -0.253282; 0.003505; -0.349783
68; 1419822855405023137; 10; 3; -0.333108; 0.060807; -0.228466
69; 1419822855410058537; 10; 3; -0.401605; 0.073228; -0.183355
70; 1419822855415063420; 10; 3; -0.400621; 0.090514; -0.107564
71; 1419822855420129338; 10; 3; -0.326868; 0.092371; 0.088033
72; 1419822855425134221; 10; 3; -0.196973; 0.076522; 0.018086
73; 1419822855430169621; 10; 3; -0.086725; 0.099359; 0.055112
74; 1419822855435205021; 10; 3; 0.021703; 0.051137; 0.086141
75; 1419822855440240422; 10; 3; 0.068441; -0.040175; 0.078311
76; 1419822855445275822; 10; 3; 0.113040; -0.022477; 0.117869
77; 1419822855450311222; 10; 3; 0.209567; -0.025173; 0.022007
78; 1419822855455346623; 10; 3; 0.260910; -0.045484; -0.028028
79; 1419822855460412541; 10; 3; 0.278210; -0.014860; -0.023619
80; 1419822855465447941; 10; 3; 0.192673; 0.006306; -0.043237
81; 1419822855470520272; 10; 3; 0.064358; -0.022956; 0.032089
82; 1419822855475555672; 10; 3; 0.015194; 0.028409; 0.050850
83; 1419822855480591073; 10; 3; -0.037682; 0.032346; 0.110334
84; 1419822855485626473; 10; 3; -0.055128; 0.109177; 0.143342
85; 1419822855490661874; 10; 3; -0.097466; 0.109637; 0.164589
86; 1419822855495697274; 10; 3; -0.137533; 0.081611; 0.124841
87; 1419822855500763192; 10; 3; -0.631112; -0.341728; -0.596656
88; 1419822855505798592; 10; 3; -36.013062; -7.007190; -14.254469
89; 1419822855510833993; 10; 3; 7.250721; 2.454204; -3.374473
90; 1419822855515869393; 10; 3; 13.609761; 3.051747; 1.966338
91; 1419822855520874276; 10; 3; 8.835649; 2.353503; 4.117611
92; 1419822855525909676; 10; 3; 0.260575; -0.092549; 3.182958
93; 1419822855530975594; 10; 3; -0.018004; -0.114270; 2.095935
94; 1419822855535980477; 10; 3; 0.844903; 0.395616; 1.538729
95; 1419822855541015877; 10; 3; 0.519730; 0.468984; 0.502889
96; 1419822855546051278; 10; 3; 0.793728; 0.559911; -0.282909
97; 1419822855551086678; 10; 3; 1.213244; 0.437200; -0.065616
98; 1419822855556152596; 10; 3; 0.874316; 0.368109; 0.272581
99; 1419822855561187997; 10; 3; -0.336821; 0.197501; 0.128701
100; 1419822855566192879; 10; 3; -0.789224; -0.095583; 0.433265
101; 1419822855571228280; 10; 3; -1.038232; -0.006320; 0.246612
102; 1419822855576263680; 10; 3; -1.030011; 0.100725; 0.274649
103; 1419822855581299081; 10; 3; -0.964852; 0.229176; 0.480822
104; 1419822855586334481; 10; 3; -0.839358; 0.343321; 0.807280
105; 1419822855591369881; 10; 3; -0.660404; 0.355511; 0.921405
106; 1419822855596405282; 10; 3; -0.453863; 0.247360; 0.731668
107; 1419822855601440682; 10; 3; -0.163481; 0.067058; 0.611326
108; 1419822855606476083; 10; 3; 0.070030; -0.098338; 0.402479
109; 1419822855611542001; 10; 3; 0.295509; -0.225046; 0.340141
110; 1419822855616546883; 10; 3; 0.547684; -0.232938; 0.364884
111; 1419822855621582284; 10; 3; 0.800905; -0.245699; 0.314322
112; 1419822855626617684; 10; 3; 0.841115; -0.180624; 0.252776
113; 1419822855631653085; 10; 3; 0.762364; -0.234269; 0.300735
114; 1419822855636688485; 10; 3; 0.538449; -0.222827; 0.216666
115; 1419822855641723885; 10; 3; 0.282897; -0.264977; 0.207186
116; 1419822855646759286; 10; 3; 0.176147; -0.207996; 0.204307
117; 1419822855651794686; 10; 3; 0.039096; -0.103376; 0.206599
118; 1419822855656830086; 10; 3; -0.033941; -0.025943; 0.079547
119; 1419822855661896004; 10; 3; -0.121588; 0.063451; 0.074474
120; 1419822855666900887; 10; 3; -0.182841; -0.086567; 0.114600
121; 1419822855671936288; 10; 3; -0.179335; -0.057402; -0.030608
122; 1419822855676971688; 10; 3; -0.155294; -0.093536; -0.185157
123; 1419822855682007088; 10; 3; -0.112968; -0.174262; -0.146044
124; 1419822855687042489; 10; 3; -0.064196; -0.144702; -0.227874
125; 1419822855692077889; 10; 3; -37.939007; -12.861961; -5.792866
126; 1419822855697113290; 10; 3; 6.062682; 3.204493; -6.352003
127; 1419822855702148690; 10; 3; 12.454202; 3.046828; -0.126072
128; 1419822855707214608; 10; 3; 8.534306; 2.253585; 3.326200
129; 1419822855712250008; 10; 3; -0.518006; -0.522042; 3.089903
130; 1419822855717254891; 10; 3; -0.549396; -0.534797; 1.410352
131; 1419822855722290292; 10; 3; 1.037787; 0.337255; 0.679146
132; 1419822855727325692; 10; 3; 1.579710; 0.728515; 0.004234
133; 1419822855732361092; 10; 3; 1.763727; 0.688684; -0.237325
134; 1419822855737427010; 10; 3; 1.107364; 0.258978; 0.039590
135; 1419822855742431893; 10; 3; -0.168550; -0.133196; 0.505950
136; 1419822855747467294; 10; 3; -0.278953; -0.053830; -0.069148
137; 1419822855752502694; 10; 3; -0.303984; 0.095741; -0.191227
138; 1419822855757538094; 10; 3; -0.426333; 0.222078; -0.084023
139; 1419822855762573495; 10; 3; -0.590782; 0.193193; 0.115883
140; 1419822855767608895; 10; 3; -0.538218; 0.111712; 0.418752
141; 1419822855772644295; 10; 3; -0.362379; 0.074520; 0.326971
142; 1419822855777679696; 10; 3; -0.205472; -0.069009; 0.195816
143; 1419822855782715096; 10; 3; -0.031995; -0.183325; 0.161347
144; 1419822855787750497; 10; 3; 0.189774; -0.255513; 0.188447
145; 1419822855792785897; 10; 3; 0.334841; -0.201841; 0.160805
146; 1419822855797821297; 10; 3; 0.489509; -0.163789; 0.160384
147; 1419822855802856698; 10; 3; 0.532333; -0.060837; 0.187018
148; 1419822855807892098; 10; 3; 0.456163; -0.078006; 0.220691
149; 1419822855812958016; 10; 3; 0.312845; -0.098850; 0.241568
150; 1419822855817962899; 10; 3; 0.204780; -0.075027; 0.264154
151; 1419822855822998299; 10; 3; 0.155266; 0.011950; 0.159734
152; 1419822855828033700; 10; 3; -0.036228; 0.003212; -0.040149
153; 1419822855833069100; 10; 3; -0.014275; 0.065051; -0.045369
154; 1419822855838104501; 10; 3; -0.037144; 0.104959; -0.102228
155; 1419822855843139901; 10; 3; 0.020761; 0.030954; -0.145516
156; 1419822855848175301; 10; 3; -0.003070; 0.047261; -0.134052
157; 1419822855853210702; 10; 3; 0.135517; 0.011481; -0.119153
158; 1419822855858276620; 10; 3; 0.107931; -0.035790; -0.077260
159; 1419822855863281502; 10; 3; 0.068822; -0.036470; -0.191964
160; 1419822855868316903; 10; 3; 0.124526; 0.002020; -0.074311
161; 1419822855873352303; 10; 3; 0.170077; -0.011598; -0.161108
162; 1419822855878387704; 10; 3; -0.896904; -1.589945; -1.477928
163; 1419822855883423104; 10; 3; -17.464514; -1.384377; -8.903606
164; 1419822855888458504; 10; 3; 10.207944; 3.623446; -4.545423
165; 1419822855893493905; 10; 3; 10.687558; 2.700060; 2.309151
166; 1419822855898559823; 10; 3; 3.605026; 0.021464; 4.941830
167; 1419822855903564706; 10; 3; -2.083367; -1.698761; 3.397899
168; 1419822855908600106; 10; 3; -0.715662; -0.921538; 1.903497
169; 1419822855913666024; 10; 3; 0.946633; 0.268562; 0.996219
170; 1419822855918670907; 10; 3; 1.359990; 0.728744; -0.007726
171; 1419822855923706307; 10; 3; 1.496390; 0.744220; 0.056597
172; 1419822855928741708; 10; 3; 1.198423; 0.507051; 0.275035
173; 1419822855933777108; 10; 3; 0.731932; 0.422182; 0.114428
174; 1419822855938812508; 10; 3; 0.087749; 0.370110; -0.306767
175; 1419822855943847909; 10; 3; -0.666367; 0.195915; -0.599614
176; 1419822855948883309; 10; 3; -0.889882; -0.094671; -0.267447
177; 1419822855953918710; 10; 3; -0.921047; -0.040684; -0.109344
178; 1419822855958954110; 10; 3; -0.789096; 0.110830; 0.168183
179; 1419822855964020028; 10; 3; -0.573616; 0.257461; 0.246409
180; 1419822855969024911; 10; 3; -0.458793; 0.336234; 0.221591
181; 1419822855974060311; 10; 3; -0.404631; 0.265648; 0.231908
182; 1419822855979095711; 10; 3; -0.424835; 0.040622; 0.207310
183; 1419822855984131112; 10; 3; -0.262006; -0.012472; 0.216637
184; 1419822855989166512; 10; 3; -0.110616; -0.040277; 0.378308
185; 1419822855994201913; 10; 3; 0.026732; -0.069191; 0.323750
186; 1419822855999237313; 10; 3; 0.225226; -0.036727; 0.372971
187; 1419822856004272713; 10; 3; 0.340434; 0.009274; 0.266401
188; 1419822856009338631; 10; 3; 0.313767; -0.042604; 0.241738
189; 1419822856014374032; 10; 3; 0.202974; -0.015464; 0.149416
190; 1419822856019378915; 10; 3; 0.073546; 0.027517; 0.063202
191; 1419822856024414315; 10; 3; -0.010773; 0.006864; 0.015085
192; 1419822856029449715; 10; 3; -0.129730; 0.005852; -0.010638
193; 1419822856034485116; 10; 3; -0.242904; 0.050593; -0.023767
194; 1419822856039520516; 10; 3; -0.338713; 0.086519; -0.169021
195; 1419822856044555917; 10; 3; -0.302815; 0.008378; -0.306182
196; 1419822856049591317; 10; 3; -0.287508; 0.047763; -0.328870
197; 1419822856054626717; 10; 3; -0.059358; -0.027840; -0.357506
198; 1419822856059662118; 10; 3; -0.059978; -0.030582; -0.352006
199; 1419822856064697518; 10; 3; -0.016975; -0.044785; -0.278364
200; 1419822856069732919; 10; 3; 0.054232; -0.033632; -0.313416
201; 1419822856074768319; 10; 3; 0.108668; -0.035146; -0.379628
202; 1419822856079803719; 10; 3; 0.130933; -0.025578; -0.346581
203; 1419822856084839120; 10; 3; 0.125823; -0.045270; -0.363978
204; 1419822856089874520; 10; 3; 0.043739; -0.004055; -0.328545
205; 1419822856094909920; 10; 3; 0.064922; 0.030201; -0.207310
206; 1419822856099945321; 10; 3; 0.054946; 0.014803; -0.178240
207; 1419822856104980721; 10; 3; 0.097027; -0.007407; -0.224243
208; 1419822856110016122; 10; 3; 0.110563; 0.093930; -0.175597
209; 1419822856115082040; 10; 3; 0.078185; 0.128659; -0.126233
210; 1419822856120086922; 10; 3; 0.039145; 0.107652; -0.031004
211; 1419822856125122323; 10; 3; 0.034852; 0.140107; -0.154238
212; 1419822856130157723; 10; 3; 0.007014; 0.094199; -0.109814
213; 1419822856135193124; 10; 3; 0.038379; 0.050822; 0.016196
214; 1419822856140228524; 10; 3; 0.009007; 0.014747; -0.069258
215; 1419822856145263924; 10; 3; 0.044748; 0.020351; 0.112152
216; 1419822856150299325; 10; 3; 0.063570; 0.025847; 0.085498
217; 1419822856155334725; 10; 3; 0.094090; -0.032904; 0.075874
218; 1419822856160400643; 10; 3; 0.092588; -0.020581; 0.111701
219; 1419822856165436044; 10; 3; 0.097294; -0.044116; 0.092058
220; 1419822856170440926; 10; 3; 0.199551; -0.050052; 0.117944
221; 1419822856175476327; 10; 3; 0.131313; -0.063372; 0.152476
222; 1419822856180511727; 10; 3; 0.164568; -0.018856; 0.135150
223; 1419822856185547127; 10; 3; 0.156398; -0.032935; 0.093491
224; 1419822856190613045; 10; 3; 0.032155; -0.097099; 0.146133
225; 1419822856195617928; 10; 3; 0.003189; -0.065394; 0.085307
226; 1419822856200653329; 10; 3; -0.018579; -0.052035; 0.084569
227; 1419822856205688729; 10; 3; 0.073522; -0.068666; 0.047514
228; 1419822856210724129; 10; 3; 0.094029; -0.034449; 0.008480
229; 1419822856215759530; 10; 3; 0.031079; -0.040839; 0.008905
230; 1419822856220794930; 10; 3; 0.081575; -0.016636; 0.027369
231; 1419822856225860848; 10; 3; 0.175349; 0.010773; -0.004912
232; 1419822856230865731; 10; 3; 0.171597; 0.008344; -0.090249
233; 1419822856235931649; 10; 3; 0.182369; -0.040403; -0.183337
234; 1419822856240936532; 10; 3; 0.162717; 0.048566; -0.079288
235; 1419822856245971932; 10; 3; 0.076222; 0.061341; -0.091792
236; 1419822856251007333; 10; 3; 0.060561; 0.019676; -0.150573
237; 1419822856256042733; 10; 3; 0.065360; 0.072033; -0.221221
238; 1419822856261078133; 10; 3; 0.001305; 0.078286; -0.207887
239; 1419822856266144051; 10; 3; -0.052210; 0.031611; -0.164420
240; 1419822856271161156; 10; 3; -0.011338; -0.002443; -0.184802
241; 1419822856276196557; 10; 3; 0.037926; -0.054697; -0.115976
242; 1419822856281231957; 10; 3; 0.081432; -0.017236; -0.151466
243; 1419822856286267357; 10; 3; 0.151480; -0.086115; -0.127091
244; 1419822856291302758; 10; 3; 0.211388; -0.040564; 0.006891
245; 1419822856296338158; 10; 3; 0.258052; -0.043622; 0.038158
246; 1419822856301373558; 10; 3; 0.230379; -0.050218; 0.094244
247; 1419822856306408959; 10; 3; 0.206033; -0.050945; 0.064966
248; 1419822856311474877; 10; 3; 0.251566; -0.088540; 0.127364
249; 1419822856316510277; 10; 3; 0.295415; -0.017085; 0.140040
250; 1419822856321515160; 10; 3; 0.139540; -0.042105; 0.167210
251; 1419822856326550560; 10; 3; 0.146033; -0.016242; 0.176811
252; 1419822856331585961; 10; 3; 0.118185; -0.000221; 0.193845
253; 1419822856336621361; 10; 3; 0.046691; 0.033244; 0.161408
254; 1419822856341656762; 10; 3; 0.044201; 0.009488; 0.041621
255; 1419822856346692162; 10; 3; 0.045807; 0.040066; 0.045923
256; 1419822856351727562; 10; 3; 0.071620; 0.060699; 0.098018
257; 1419822856356762963; 10; 3; 0.023660; 0.016928; 0.164536
258; 1419822856361798363; 10; 3; 0.029271; 0.032254; 0.070041
259; 1419822856366833764; 10; 3; 0.074075; -0.003777; -0.028390
260; 1419822856371869164; 10; 3; 0.057176; 0.032471; -0.096534
261; 1419822856376904564; 10; 3; 0.010713; 0.055448; -0.050467
262; 1419822856381939965; 10; 3; -0.015396; 0.067590; -0.043589
263; 1419822856386975365; 10; 3; -0.027039; 0.009796; -0.074749
264; 1419822856392010766; 10; 3; 0.028947; 0.004635; -0.185566
265; 1419822856397046166; 10; 3; 0.059571; 0.022463; -0.233756
266; 1419822856402081566; 10; 3; -0.015882; -0.076615; -0.251737
267; 1419822856407116967; 10; 3; 0.030559; -0.026513; -0.383173
268; 1419822856412152367; 10; 3; 0.056205; -0.025843; -0.372652
269; 1419822856417218285; 10; 3; 0.104120; -0.067352; -0.324949
270; 1419822856422223168; 10; 3; 0.045208; -0.051309; -0.312468
271; 1419822856427289086; 10; 3; 0.054261; -0.036121; -0.296994
272; 1419822856432293969; 10; 3; 0.119520; -0.043213; -0.264156
273; 1419822856437329369; 10; 3; 0.121109; -0.049691; -0.262568
274; 1419822856442364769; 10; 3; 0.154913; 0.012673; -0.173924
275; 1419822856447400170; 10; 3; 0.090542; 0.047521; -0.024698
276; 1419822856452435570; 10; 3; -0.072961; -0.072584; -0.102007
277; 1419822856457470971; 10; 3; -0.116229; -0.112694; -0.080630
278; 1419822856462536889; 10; 3; -0.092667; -0.098130; -0.047781
279; 1419822856467572289; 10; 3; -0.052231; -0.076444; -0.003696
280; 1419822856472577172; 10; 3; 0.126818; 0.040846; 0.148326
281; 1419822856477612572; 10; 3; 0.170941; 0.084034; 0.107803
282; 1419822856482647973; 10; 3; 0.346917; 0.067584; 0.246207
283; 1419822856487683373; 10; 3; 0.376886; 0.068552; 0.352247
284; 1419822856492718773; 10; 3; 0.359564; 0.103307; 0.232724
285; 1419822856497754174; 10; 3; 0.317487; 0.054717; 0.333272
286; 1419822856502789574; 10; 3; 0.272442; 0.092239; 0.176328
287; 1419822856507824974; 10; 3; 0.157654; -0.012661; 0.247898
288; 1419822856512860375; 10; 3; 0.041822; -0.013181; 0.241364
289; 1419822856517926293; 10; 3; 0.027802; 0.047512; 0.203161
290; 1419822856522931176; 10; 3; -0.041026; 0.105338; 0.143958
291; 1419822856527966576; 10; 3; -0.154754; 0.152080; 0.213798
292; 1419822856533001976; 10; 3; -0.150166; 0.119241; 0.102545
293; 1419822856538037377; 10; 3; -0.209871; 0.087611; 0.095171
294; 1419822856543072777; 10; 3; -0.165381; 0.061880; 0.189705
295; 1419822856548108178; 10; 3; -0.169739; 0.063292; 0.045323
296; 1419822856553143578; 10; 3; -0.149499; 0.088217; -0.156791
297; 1419822856558178978; 10; 3; -0.103912; 0.082329; -0.133135
298; 1419822856563214379; 10; 3; -0.087724; 0.023614; -0.170281
299; 1419822856568280297; 10; 3; 0.003353; 0.097843; -0.191019
300; 1419822856573285180; 10; 3; 0.056851; 0.051313; -0.118709
301; 1419822856578351098; 10; 3; 0.127573; 0.077386; -0.171233
302; 1419822856583355980; 10; 3; 0.204888; 0.019608; -0.202289
303; 1419822856588421898; 10; 3; 0.302072; -0.043477; -0.154106
304; 1419822856593426781; 10; 3; 0.241086; 0.019178; -0.172462
305; 1419822856598492699; 10; 3; 0.151802; -0.010655; -0.126971
306; 1419822856603497582; 10; 3; 0.181793; -0.046052; -0.112606
307; 1419822856608563500; 10; 3; 0.095134; -0.019697; -0.109038
308; 1419822856613598900; 10; 3; 0.020131; -0.000480; 0.014706
309; 1419822856618634301; 10; 3; -0.041265; 0.041117; 0.040483
310; 1419822856623639183; 10; 3; -0.137785; 0.046865; 0.030738
311; 1419822856628674584; 10; 3; -0.157173; 0.086579; 0.044924
312; 1419822856633709984; 10; 3; -0.125062; 0.040692; 0.131311
313; 1419822856638775902; 10; 3; -0.139950; 0.069096; 0.152591
314; 1419822856643780785; 10; 3; -0.100000; 0.018870; -0.018115
315; 1419822856648816185; 10; 3; -0.001960; -0.005384; -0.024030
316; 1419822856653882103; 10; 3; -0.019527; -0.002509; -0.106353
317; 1419822856658886986; 10; 3; -0.092481; -1.257846; -0.798205
318; 1419822856663952904; 10; 3; -20.093546; -1.301526; -14.753693
319; 1419822856668988305; 10; 3; 13.107653; 3.510837; -4.405163
320; 1419822856673993187; 10; 3; 16.094614; 3.751486; 3.448616
321; 1419822856679028588; 10; 3; 6.268982; 0.731824; 6.345278
322; 1419822856684094506; 10; 3; -3.749667; -2.452717; 3.962251
323; 1419822856689129906; 10; 3; -3.698098; -1.603364; 1.424026
324; 1419822856694134789; 10; 3; 0.483431; 0.335788; 0.550178
325; 1419822856699200707; 10; 3; 1.972453; 1.011217; 0.090151
326; 1419822856704236107; 10; 3; 2.123536; 0.965061; 0.418508
327; 1419822856709240990; 10; 3; 1.785907; 0.646836; 1.200785
328; 1419822856714306908; 10; 3; 1.252179; 0.531257; 1.180485
329; 1419822856719342308; 10; 3; 0.786236; 0.557539; 0.144043
330; 1419822856724377709; 10; 3; 0.379324; 0.584691; -0.843425
331; 1419822856729382592; 10; 3; -0.144202; 0.769837; -1.704070
332; 1419822856734417992; 10; 3; -0.865974; 0.719904; -1.217051
333; 1419822856739453392; 10; 3; -1.185272; 0.513083; -0.744612
334; 1419822856744488793; 10; 3; -1.370306; 0.308309; -0.442477
335; 1419822856749524193; 10; 3; -1.284570; 0.199855; -0.374294
336; 1419822856754559594; 10; 3; -1.193522; 0.186879; -0.381975
337; 1419822856759594994; 10; 3; -1.018576; 0.050372; -0.228750
338; 1419822856764691430; 10; 3; -0.856524; -0.100170; 0.088473
339; 1419822856769696312; 10; 3; -0.631039; -0.171503; 0.424047
340; 1419822856774731713; 10; 3; -0.419858; -0.162837; 0.574146
341; 1419822856779736596; 10; 3; -0.124954; -0.031125; 0.777595
342; 1419822856784771996; 10; 3; 0.133979; 0.022483; 0.802009
343; 1419822856789807396; 10; 3; 0.227745; 0.080887; 0.951057
344; 1419822856794842797; 10; 3; 0.275755; 0.013241; 0.949460
345; 1419822856799878197; 10; 3; 0.207330; -0.060535; 1.049680
346; 1419822856804944115; 10; 3; 0.138086; -0.115689; 0.930060
347; 1419822856809948998; 10; 3; 0.038622; -0.065787; 1.005625
348; 1419822856814984398; 10; 3; 0.027699; -0.068916; 0.855611
349; 1419822856820019799; 10; 3; -0.027879; -0.029962; 0.735785
350; 1419822856825055199; 10; 3; -0.071089; -0.015486; 0.635345
351; 1419822856830090599; 10; 3; -0.065108; -0.025259; 0.403307
352; 1419822856835126000; 10; 3; -0.118159; 0.047885; 0.178525
353; 1419822856840161400; 10; 3; -0.171086; 0.110321; -0.066838
354; 1419822856845196801; 10; 3; -0.211075; 0.052111; -0.256146
355; 1419822856850232201; 10; 3; -0.180195; 0.076921; -0.422119
356; 1419822856855267601; 10; 3; -0.182947; 0.012753; -0.533192
357; 1419822856860303002; 10; 3; -0.095526; 0.064189; -0.633650
358; 1419822856865338402; 10; 3; -0.023762; 0.118346; -0.694106
359; 1419822856870404320; 10; 3; -0.004208; 0.074474; -0.762315
360; 1419822856875409203; 10; 3; -0.081622; 0.051731; -0.762542
361; 1419822856880444603; 10; 3; -0.108566; 0.077331; -0.754287
362; 1419822856885480004; 10; 3; -0.064987; 0.091858; -0.856353
363; 1419822856890515404; 10; 3; -0.089906; 0.107298; -0.805060
364; 1419822856895550805; 10; 3; -0.087076; 0.053767; -0.870470
365; 1419822856900616723; 10; 3; -0.083050; 0.019255; -0.753161
366; 1419822856905621605; 10; 3; -0.072388; -0.016708; -0.681266
367; 1419822856910657006; 10; 3; 0.007662; -0.038784; -0.664042
368; 1419822856915722924; 10; 3; 0.011304; -0.065960; -0.471077
369; 1419822856920758324; 10; 3; 0.059027; -0.043624; -0.428020
370; 1419822856925793724; 10; 3; 0.058315; -0.057504; -0.277876
371; 1419822856930798607; 10; 3; 0.143365; -0.100657; -0.142820
372; 1419822856935834008; 10; 3; 0.199876; -0.092465; -0.046333
373; 1419822856940869408; 10; 3; 0.264896; -0.095022; 0.083242
374; 1419822856945904808; 10; 3; 0.210613; -0.033609; 0.274482
375; 1419822856950940209; 10; 3; 0.222602; 0.020184; 0.310271
376; 1419822856955975609; 10; 3; 0.191281; -0.002833; 0.388522
377; 1419822856961011010; 10; 3; 0.117664; -0.058643; 0.417827
378; 1419822856966046410; 10; 3; 0.039599; -0.063931; 0.316196
379; 1419822856971112328; 10; 3; 0.068175; -0.044850; 0.268965
380; 1419822856976117211; 10; 3; 0.113534; -0.088065; 0.196308
381; 1419822856981152611; 10; 3; 0.191153; -0.018744; 0.166933
382; 1419822856986218529; 10; 3; 0.143525; -0.041210; 0.210267
383; 1419822856991253930; 10; 3; 0.218256; 0.015684; 0.165947
384; 1419822856996289330; 10; 3; 0.181256; 0.021049; 0.119819
385; 1419822857001294213; 10; 3; 0.196980; -0.017832; 0.137187
386; 1419822857006360131; 10; 3; 0.219131; 0.028681; 0.049159
387; 1419822857011365014; 10; 3; 0.202205; 0.039491; -0.099208
388; 1419822857016400414; 10; 3; 0.180481; -0.049294; -0.184488
389; 1419822857021466332; 10; 3; 0.149245; 0.048823; -0.230773
390; 1419822857026471215; 10; 3; 0.120561; 0.014154; -0.156403
391; 1419822857031506615; 10; 3; 0.094486; 0.019243; -0.186140
392; 1419822857036542016; 10; 3; 0.103006; 0.040236; -0.129769
393; 1419822857041577416; 10; 3; 0.053423; 0.024789; -0.160742
394; 1419822857046612816; 10; 3; 0.101322; 0.006173; -0.175486
395; 1419822857051678734; 10; 3; 0.101406; 0.031764; -0.037380
396; 1419822857056714135; 10; 3; 0.061936; -0.048374; -0.027877
397; 1419822857061719017; 10; 3; 0.035528; -0.051291; -0.002779
398; 1419822857066784935; 10; 3; 0.091302; -0.006926; 0.062928
399; 1419822857071820336; 10; 3; 0.127015; 0.061942; 0.127738
400; 1419822857076855736; 10; 3; 0.191298; -0.000348; 0.063518
401; 1419822857081860619; 10; 3; 0.116699; -0.020146; 0.075995
402; 1419822857086896019; 10; 3; 0.111392; -0.019932; 0.056706
403; 1419822857091931420; 10; 3; 0.038783; -0.074521; 0.079312
404; 1419822857096966820; 10; 3; 0.019907; -0.046074; 0.080779
405; 1419822857102002221; 10; 3; -0.000283; 0.004815; 0.016983
406; 1419822857107037621; 10; 3; -0.037265; 0.033096; -0.107333
407; 1419822857112073021; 10; 3; -0.045854; 0.023438; -0.003574
408; 1419822857117108422; 10; 3; 0.085576; 0.028152; -0.099675
409; 1419822857122174340; 10; 3; -0.006629; 0.075642; -0.030583
410; 1419822857127209740; 10; 3; -0.028680; 0.093394; 0.051308
411; 1419822857132245141; 10; 3; -0.049600; 0.089795; -0.049940
412; 1419822857137280541; 10; 3; -0.045585; 0.064911; -0.021634
413; 1419822857142315941; 10; 3; -0.068097; 0.099517; -0.007778
414; 1419822857147351342; 10; 3; 0.002758; 0.128090; 0.010753
415; 1419822857152386742; 10; 3; 0.082766; 0.105463; -0.044295
416; 1419822857157422142; 10; 3; 0.103056; 0.018638; -0.033748
417; 1419822857162457543; 10; 3; 0.149280; 0.010262; -0.101447
418; 1419822857167492943; 10; 3; 0.168006; -0.032589; -0.105982
419; 1419822857172497826; 10; 3; 0.139368; -0.043280; -0.019059
420; 1419822857177563744; 10; 3; 0.125544; -0.009979; -0.065310
421; 1419822857182599144; 10; 3; 0.158525; -0.004108; -0.021100
422; 1419822857187634545; 10; 3; 0.076622; 0.040813; -0.050411
423; 1419822857192669945; 10; 3; -0.061607; 0.054668; -0.144783
424; 1419822857197705346; 10; 3; -0.138564; 0.067274; -0.064301
425; 1419822857202740746; 10; 3; -0.176149; 0.064365; -0.133554
426; 1419822857207776146; 10; 3; -0.190101; 0.061399; -0.095716
427; 1419822857212811547; 10; 3; -0.174829; 0.120141; -0.196899
428; 1419822857217846947; 10; 3; -0.100793; 0.115817; -0.123371
429; 1419822857222882348; 10; 3; 0.038079; 0.070110; -0.198699
430; 1419822857227887230; 10; 3; 0.143219; 0.021244; -0.200644
431; 1419822857232953148; 10; 3; 0.205287; 0.015578; -0.187610
432; 1419822857237958031; 10; 3; 0.233977; 0.025740; -0.246349
433; 1419822857243023949; 10; 3; 0.263800; 0.016123; -0.054973
434; 1419822857248059349; 10; 3; 0.306851; -0.060763; 0.002480
435; 1419822857253064232; 10; 3; 0.274258; -0.039913; 0.189041
436; 1419822857258099633; 10; 3; 0.259992; -0.051227; 0.133060
437; 1419822857263135033; 10; 3; 0.197639; -0.054439; 0.131027
438; 1419822857268170433; 10; 3; 0.145539; -0.020022; 0.272070
439; 1419822857273236351; 10; 3; 0.046593; -0.049047; 0.225801
440; 1419822857278241234; 10; 3; 0.031289; -0.006021; 0.225394
441; 1419822857283307152; 10; 3; -0.012495; 0.001929; 0.166326
442; 1419822857288342553; 10; 3; -0.030391; 0.021133; 0.173459
443; 1419822857293377953; 10; 3; -0.060548; 0.027884; 0.109979
444; 1419822857298382836; 10; 3; -0.018753; 0.003369; 0.022132
445; 1419822857303418236; 10; 3; 0.033019; 0.014215; 0.004893
446; 1419822857308453637; 10; 3; 0.117508; 0.058070; -0.045323
447; 1419822857313489037; 10; 3; 0.205201; 0.028134; -0.065670
448; 1419822857318524437; 10; 3; 0.228429; -0.038260; -0.246023
449; 1419822857323590355; 10; 3; 0.276516; -0.017760; -0.285807
450; 1419822857328595238; 10; 3; 0.321070; 0.023043; -0.284437
451; 1419822857333630639; 10; 3; 0.313911; -0.035136; -0.332059
452; 1419822857338666039; 10; 3; 0.252978; 0.025748; -0.307961
453; 1419822857343701439; 10; 3; 0.199124; -0.010048; -0.342623
454; 1419822857348736840; 10; 3; 0.067535; -0.003672; -0.218295
455; 1419822857353772240; 10; 3; 0.050970; 0.039634; -0.063577
456; 1419822857358807641; 10; 3; 0.008015; 0.052017; -0.021176
457; 1419822857363843041; 10; 3; 0.065200; -0.011344; 0.087190
458; 1419822857368939476; 10; 3; 0.068306; -0.051983; 0.134859
459; 1419822857373944359; 10; 3; 0.143667; -0.051319; 0.102371
460; 1419822857378949242; 10; 3; 0.056739; -0.067482; 0.193309
461; 1419822857383984642; 10; 3; 0.032832; -0.054320; 0.149332
462; 1419822857389020043; 10; 3; 0.069749; -0.029914; 0.215991
463; 1419822857394055443; 10; 3; -19.214127; -12.574844; -5.029096
464; 1419822857399121361; 10; 3; -2.151910; 4.634545; -9.030121
465; 1419822857404126244; 10; 3; 10.893427; 3.288026; 0.093173
466; 1419822857409192162; 10; 3; 10.879920; 2.792125; 3.960494
467; 1419822857414197045; 10; 3; 2.500091; -0.793260; 4.425566
468; 1419822857419262963; 10; 3; -2.721451; -2.147066; 2.563954
469; 1419822857424298363; 10; 3; -1.725016; -0.809575; 1.068759
470; 1419822857429303246; 10; 3; 0.122622; 0.411082; 0.095984
471; 1419822857434369164; 10; 3; 1.125025; 0.873986; -0.240805
472; 1419822857439374047; 10; 3; 1.450547; 0.865611; 0.814601
473; 1419822857444439965; 10; 3; 1.230737; 0.724466; 1.441468
474; 1419822857449475365; 10; 3; 1.055158; 0.568297; 0.894515
475; 1419822857454510766; 10; 3; 0.795193; 0.559371; 0.030620
476; 1419822857459515648; 10; 3; 0.510658; 0.517868; -0.601372
477; 1419822857464551049; 10; 3; 0.076891; 0.502258; -0.918400
478; 1419822857469616967; 10; 3; -1.065622; 0.264194; -0.369035
479; 1419822857474652367; 10; 3; -1.124085; 0.187525; 0.132798
480; 1419822857479657250; 10; 3; -0.772300; 0.309737; 0.314058
481; 1419822857484723168; 10; 3; -0.826932; 0.132377; 0.538163
482; 1419822857489728051; 10; 3; -0.791546; 0.094548; 0.449980
483; 1419822857494793969; 10; 3; -0.639248; 0.001072; 0.366353
484; 1419822857499798851; 10; 3; -0.429986; 0.061023; 0.349092
485; 1419822857504834252; 10; 3; -0.051051; 0.082965; 0.352791
486; 1419822857509869652; 10; 3; 0.217417; 0.092072; 0.427172
487; 1419822857514905053; 10; 3; 0.307862; 0.049175; 0.421398
488; 1419822857520001488; 10; 3; 0.442513; 0.009993; 0.513021
489; 1419822857525006371; 10; 3; 0.386706; -0.032957; 0.449386
490; 1419822857530011254; 10; 3; 0.344956; -0.029948; 0.405598
491; 1419822857535046654; 10; 3; 0.210189; 0.012882; 0.438747
492; 1419822857540082055; 10; 3; 0.182198; 0.045433; 0.319619
493; 1419822857545117455; 10; 3; 0.136204; 0.010621; 0.238703
494; 1419822857550152855; 10; 3; 0.061504; 0.017887; 0.174501
495; 1419822857555188256; 10; 3; -0.061106; 0.066066; 0.169563
496; 1419822857560223656; 10; 3; -0.113102; 0.034067; -0.002148
497; 1419822857565259057; 10; 3; -0.209013; 0.026711; -0.105335
498; 1419822857570294457; 10; 3; -0.158948; -0.011840; -0.182980
499; 1419822857575360375; 10; 3; -0.114214; -0.025691; -0.267231
500; 1419822857580365258; 10; 3; -0.088950; -0.069343; -0.139752
501; 1419822857585400658; 10; 3; -0.003123; 0.043795; -0.248770
502; 1419822857590436058; 10; 3; 0.034195; -0.001314; -0.312323
503; 1419822857595471459; 10; 3; 0.050230; 0.002233; -0.265071
504; 1419822857600537377; 10; 3; 0.041370; -0.022934; -0.394613
505; 1419822857605572777; 10; 3; -0.029031; -0.307020; -0.566595
506; 1419822857610577660; 10; 3; -31.528822; -7.249932; -13.287947
507; 1419822857615613060; 10; 3; 8.110015; 2.989263; -4.158732
508; 1419822857620648461; 10; 3; 12.514064; 3.605837; 1.485419
509; 1419822857625714379; 10; 3; 8.069908; 1.692176; 4.512717
510; 1419822857630719262; 10; 3; -0.935102; -1.533623; 3.206314
511; 1419822857635754662; 10; 3; -1.839874; -1.236749; 1.212241
512; 1419822857640790062; 10; 3; 0.285914; -0.042936; 0.335552
513; 1419822857645825463; 10; 3; 1.257852; 0.578846; -0.129569
514; 1419822857650860863; 10; 3; 1.761755; 0.767875; 0.137928
515; 1419822857655896264; 10; 3; 1.673573; 0.724416; 0.806744
516; 1419822857660931664; 10; 3; 0.914848; 0.566185; 0.341215
517; 1419822857665967064; 10; 3; -0.661195; 0.066178; -0.239107
518; 1419822857671032982; 10; 3; -0.886231; 0.021167; -0.561877
519; 1419822857676068383; 10; 3; -0.719995; 0.243006; -0.612285
520; 1419822857681073266; 10; 3; -0.830910; 0.325359; -0.295433
521; 1419822857686108666; 10; 3; -0.936103; 0.361319; 0.056573
522; 1419822857691144066; 10; 3; -0.965434; 0.172478; 0.147429
523; 1419822857696179467; 10; 3; -0.794707; 0.083128; 0.111376
524; 1419822857701214867; 10; 3; -0.654351; -0.004587; -0.053486
525; 1419822857706250267; 10; 3; -0.382338; -0.157198; 0.106764
526; 1419822857711285668; 10; 3; -0.145021; -0.078678; 0.350246
527; 1419822857716321068; 10; 3; 0.302094; -0.078460; 0.343303
528; 1419822857721356469; 10; 3; 0.526019; 0.066730; 0.484789
529; 1419822857726422387; 10; 3; 0.687192; 0.122462; 0.584646
530; 1419822857731427269; 10; 3; 0.608228; 0.072110; 0.715731
531; 1419822857736462670; 10; 3; 0.421465; 0.073551; 0.752480
532; 1419822857741498070; 10; 3; 0.375140; 0.000311; 0.727715
533; 1419822857746594506; 10; 3; 0.333306; 0.026997; 0.563322
534; 1419822857751629906; 10; 3; 0.211431; 0.105453; 0.577320
535; 1419822857756634789; 10; 3; 0.088899; 0.100330; 0.459042
536; 1419822857761639672; 10; 3; -0.039496; 0.075488; 0.254024
537; 1419822857766675072; 10; 3; -0.187112; 0.108358; 0.113022
538; 1419822857771710473; 10; 3; -0.156902; 0.149095; 0.154487
539; 1419822857776776391; 10; 3; -0.214159; 0.099184; 0.079751
540; 1419822857781811791; 10; 3; -0.279174; 0.088450; 0.002849
541; 1419822857786816674; 10; 3; -0.243992; 0.106118; -0.134433
542; 1419822857791882592; 10; 3; -0.122217; 0.059318; -0.132237
543; 1419822857796917992; 10; 3; 0.037698; 0.012486; -0.233342
544; 1419822857801953392; 10; 3; 0.084163; -0.025906; -0.404428
545; 1419822857806988793; 10; 3; 0.110724; -0.003127; -0.428507
546; 1419822857812024193; 10; 3; -14.878383; -10.321586; -4.448027
547; 1419822857817059594; 10; 3; 0.083651; 3.569685; -9.116277
548; 1419822857822094994; 10; 3; 11.670131; 3.549994; -0.866643
549; 1419822857827130394; 10; 3; 8.509132; 1.968073; 3.791956
550; 1419822857832165795; 10; 3; 0.565311; -1.472754; 3.570322
551; 1419822857837201195; 10; 3; -3.324477; -2.475943; 0.895230
552; 1419822857842236596; 10; 3; -1.576928; -1.019414; -0.586498
553; 1419822857847271996; 10; 3; 0.522346; 0.357258; -0.988936
554; 1419822857852337914; 10; 3; 1.220501; 0.736799; 0.629673
555; 1419822857857342797; 10; 3; 1.059908; 0.466014; 1.340135
556; 1419822857862408715; 10; 3; 0.803105; 0.296734; 0.621190
557; 1419822857867413598; 10; 3; 0.535876; 0.157277; -0.193974
558; 1419822857872656645; 10; 3; 0.334316; 0.159060; -0.113735
559; 1419822857877692045; 10; 3; 0.264703; 0.158951; 0.108096
560; 1419822857882727446; 10; 3; 0.134495; 0.230667; 0.289598
561; 1419822857887762846; 10; 3; -0.204664; 0.265716; 0.169974
562; 1419822857892828764; 10; 3; -1.410137; 0.104795; 0.197792
563; 1419822857897803129; 10; 3; -1.206872; 0.145041; 0.032644
564; 1419822857902869047; 10; 3; -0.947628; 0.174605; 0.070248
565; 1419822857907904448; 10; 3; -0.544629; 0.213897; 0.144825
566; 1419822857912909330; 10; 3; -0.268997; 0.292732; 0.106603
567; 1419822857917944731; 10; 3; -0.066909; 0.302938; 0.110408
568; 1419822857922980131; 10; 3; 0.131873; 0.281465; 0.183667
569; 1419822857928046049; 10; 3; 0.130940; 0.119020; 0.242072
570; 1419822857933050932; 10; 3; 0.209114; 0.023622; 0.234826
571; 1419822857938086332; 10; 3; 0.308071; -0.000319; 0.315606
572; 1419822857943121733; 10; 3; 0.387535; 0.025474; 0.325367
573; 1419822857948187651; 10; 3; 0.421669; 0.028313; 0.214534
574; 1419822857953223051; 10; 3; 0.316911; 0.066381; 0.286414
575; 1419822857958258452; 10; 3; 0.120904; 0.112284; 0.134348
576; 1419822857963293852; 10; 3; -0.013180; 0.136238; 0.298184
577; 1419822857968329252; 10; 3; -0.134657; 0.158392; 0.227327
578; 1419822857973395170; 10; 3; -0.184646; 0.179840; 0.180069
579; 1419822857978400053; 10; 3; -0.234994; 0.169779; 0.157386
580; 1419822857983435454; 10; 3; -0.277827; 0.120028; 0.068765
581; 1419822857988470854; 10; 3; -0.241112; 0.143597; -0.053757
582; 1419822857993506254; 10; 3; -0.226134; 0.051498; -0.033178
583; 1419822857998511137; 10; 3; -0.138637; 0.056758; -0.187129
584; 1419822858003546538; 10; 3; -0.042268; 0.044103; -0.219572
585; 1419822858008612455; 10; 3; 0.077463; -0.030292; -0.402910
586; 1419822858013617338; 10; 3; 0.125332; -0.069920; -0.434142
587; 1419822858018683256; 10; 3; 0.255917; -0.052181; -0.550086
588; 1419822858023718657; 10; 3; 0.250949; -0.055318; -0.545360
589; 1419822858028754057; 10; 3; 0.246522; -0.057873; -0.541350
590; 1419822858033758940; 10; 3; 0.214446; -0.099175; -0.398842
591; 1419822858038824858; 10; 3; 0.212119; -0.100797; -0.395984
592; 1419822858043860258; 10; 3; 0.211033; -0.101945; -0.393609
593; 1419822858048865141; 10; 3; 0.210926; -0.102768; -0.391551
594; 1419822858053900541; 10; 3; 0.029870; -0.049958; -0.301686
595; 1419822858058935942; 10; 3; 0.031550; -0.050616; -0.299935
596; 1419822858064001860; 10; 3; 0.033647; -0.051249; -0.298163
597; 1419822858069067778; 10; 3; 0.060629; -0.088644; -0.321452
598; 1419822858074103178; 10; 3; 0.177640; -0.130573; -0.274844
599; 1419822858079108061; 10; 3; 0.178801; -0.130576; -0.273890
600; 1419822858084112944; 10; 3; 0.179325; -0.130240; -0.273486
601; 1419822858089178862; 10; 3; 0.179273; -0.129580; -0.273608
602; 1419822858094183745; 10; 3; 0.271525; -0.095364; -0.144661
603; 1419822858099249663; 10; 3; 0.270958; -0.094204; -0.145813
604; 1419822858104254545; 10; 3; 0.275521; -0.127304; -0.182832
605; 1419822858109289946; 10; 3; 0.367596; -0.142310; -0.157006
606; 1419822858114355864; 10; 3; 0.350080; -0.097668; -0.195534
607; 1419822858119391264; 10; 3; 0.295638; -0.062472; -0.049864
608; 1419822858124457182; 10; 3; 0.250547; -0.008248; 0.027866
609; 1419822858129462065; 10; 3; 0.170363; 0.026834; 0.078263
610; 1419822858134466948; 10; 3; 0.117778; 0.008253; 0.080066
611; 1419822858139502348; 10; 3; 0.077128; 0.069090; 0.122572
612; 1419822858144537748; 10; 3; 0.045872; 0.064259; 0.105872
613; 1419822858149573149; 10; 3; 0.001127; 0.104367; 0.249842
614; 1419822858154608549; 10; 3; 0.024714; 0.129887; 0.174027
615; 1419822858159704985; 10; 3; 0.048802; 0.137296; 0.220970
616; 1419822858164740385; 10; 3; 0.075685; 0.057681; 0.129087
617; 1419822858169745268; 10; 3; 0.093606; 0.082460; 0.104223
618; 1419822858174750151; 10; 3; 0.196582; 0.053456; 0.103473
619; 1419822858179785551; 10; 3; 0.198013; 0.045604; 0.081673
620; 1419822858184851469; 10; 3; 0.255217; 0.017344; -0.064561
621; 1419822858189886870; 10; 3; 0.288801; -0.033533; -0.054743
622; 1419822858194922270; 10; 3; 0.183831; 0.051153; -0.047275
623; 1419822858199957670; 10; 3; 0.162899; 0.057409; -0.054160
624; 1419822858204962553; 10; 3; 0.140210; -0.001585; -0.194181
625; 1419822858210058989; 10; 3; 0.066821; 0.034592; -0.114123
626; 1419822858215063871; 10; 3; -0.002518; 0.039824; -0.006827
627; 1419822858220099272; 10; 3; -0.022409; 0.021276; -0.048135
628; 1419822858225134672; 10; 3; -0.063276; 0.069253; -0.047668
629; 1419822858230139555; 10; 3; -0.052628; 0.127761; -0.035147
630; 1419822858235205473; 10; 3; -0.084757; 0.070802; 0.067821
631; 1419822858240210356; 10; 3; -0.110158; 0.081600; -0.012344
632; 1419822858245276274; 10; 3; -0.086081; 0.089927; -0.000843
633; 1419822858250281157; 10; 3; -0.140105; 0.111181; 0.024956
634; 1419822858255347075; 10; 3; -0.020037; 0.126258; 0.003365
635; 1419822858260351957; 10; 3; -0.007423; 0.084146; 0.063930
636; 1419822858265387358; 10; 3; -0.010302; 0.135880; -0.072726
637; 1419822858270422758; 10; 3; -0.039487; 0.174367; -0.112804
638; 1419822858275488676; 10; 3; -0.068679; 0.111778; -0.169439
639; 1419822858280524077; 10; 3; -0.063384; 0.137283; -0.100117
640; 1419822858285559477; 10; 3; 0.083314; 0.152079; -0.156891
641; 1419822858290564360; 10; 3; 0.022025; 0.140734; -0.166046
642; 1419822858295599760; 10; 3; -0.000779; 0.136581; -0.219154
643; 1419822858300635161; 10; 3; -0.045742; 0.159937; -0.356715
644; 1419822858305670561; 10; 3; -0.041852; 0.147761; -0.178186
645; 1419822858310705961; 10; 3; -0.044042; 0.115474; -0.212754
646; 1419822858315741362; 10; 3; -0.062939; 0.189007; -0.166498
647; 1419822858320776762; 10; 3; -0.113867; 0.104362; -0.127410
648; 1419822858325812163; 10; 3; -0.107627; 0.114876; -0.084758
649; 1419822858330878080; 10; 3; -0.166926; 0.063489; -0.097915
650; 1419822858335882963; 10; 3; -0.080343; 0.079825; -0.040875
651; 1419822858340918364; 10; 3; -0.032147; 0.021215; -0.026652
652; 1419822858345953764; 10; 3; 0.001535; 0.039912; -0.121760
653; 1419822858350989164; 10; 3; 0.107416; 0.119173; -0.245255
654; 1419822858356024565; 10; 3; 0.140233; 0.005892; -0.182168
655; 1419822858361059965; 10; 3; 0.064566; 0.046302; -0.245494
656; 1419822858366095366; 10; 3; 0.143369; -0.009277; -0.126199
657; 1419822858371130766; 10; 3; 0.073541; -0.012154; -0.074098
658; 1419822858376166166; 10; 3; 0.078795; 0.048179; -0.140017
659; 1419822858381232084; 10; 3; 0.119822; -0.013837; -0.058661
660; 1419822858386236967; 10; 3; 0.164675; 0.046673; 0.058209
661; 1419822858391272368; 10; 3; 0.245781; 0.060793; -0.017570
662; 1419822858396307768; 10; 3; 0.193362; 0.004906; 0.060025
663; 1419822858401373686; 10; 3; 0.184319; 0.017949; -0.005029
664; 1419822858406409086; 10; 3; 0.169468; 0.048555; 0.231482
665; 1419822858411444487; 10; 3; 0.187414; -0.012051; 0.084840
666; 1419822858416479887; 10; 3; 0.192885; 0.043405; 0.219219
667; 1419822858421484770; 10; 3; 0.277104; 0.075837; 0.279447
668; 1419822858426550688; 10; 3; 0.281670; 0.100675; 0.338354
669; 1419822858431586088; 10; 3; 0.286505; 0.097781; 0.386723
670; 1419822858436590971; 10; 3; 0.391836; 0.071995; 0.371673
671; 1419822858441626371; 10; 3; 0.337076; 0.044595; 0.356493
