# Device Information: 
# Manufacturer:LGE
# Model: Nexus 4
# API-level: 21
# LGE Accelerometer Sensor: 
#     Resolution: 0.0011901855
#     Minimal Delay: 5000
#     Sensor Type: 1
# LGE Magnetometer Sensor: 
#     Resolution: 0.14953613
#     Minimal Delay: 20000
#     Sensor Type: 2
# Orientation: 
#     Resolution: 0.1
#     Minimal Delay: 5000
#     Sensor Type: 3
# LGE Proximity Sensor: 
#     Resolution: 0.10070801
#     Minimal Delay: 50000
#     Sensor Type: 8
# LGE Light Sensor: 
#     Resolution: 0.009994507
#     Minimal Delay: 50000
#     Sensor Type: 5
# LGE Gyroscope Sensor: 
#     Resolution: 0.0010681152
#     Minimal Delay: 5000
#     Sensor Type: 4
# LGE Barometer Sensor: 
#     Resolution: 0.009994507
#     Minimal Delay: 33333
#     Sensor Type: 6
# LGE Magnetometer Sensor: 
#     Resolution: 0.14953613
#     Minimal Delay: 20000
#     Sensor Type: 14
# LGE Gyroscope Sensor: 
#     Resolution: 0.0010681152
#     Minimal Delay: 5000
#     Sensor Type: 16
# Gravity: 
#     Resolution: 0.0011901855
#     Minimal Delay: 5000
#     Sensor Type: 9
# Linear Acceleration: 
#     Resolution: 0.0011901855
#     Minimal Delay: 5000
#     Sensor Type: 10
# Rotation Vector: 
#     Resolution: 5.9604645E-8
#     Minimal Delay: 5000
#     Sensor Type: 11
# Significant Motion: 
#     Resolution: 1.0
#     Minimal Delay: -1
#     Sensor Type: 17
# Game Rotation Vector: 
#     Resolution: 5.9604645E-8
#     Minimal Delay: 5000
#     Sensor Type: 15
# sample; timestamp; type; accuracy; data1; ...; dataN
#------------------------------------------------------------------
0; 1419887326744420884; 10; 3; 0.047847; -0.024452; 0.026340
1; 1419887326749451043; 10; 3; 0.075500; -0.036332; -0.050268
2; 1419887326754486444; 10; 3; 0.111474; -0.027762; -0.052835
3; 1419887326759521844; 10; 3; 0.121874; -0.026877; -0.168332
4; 1419887326764526727; 10; 3; 0.119050; -0.018608; -0.110414
5; 1419887326769623162; 10; 3; 0.120582; 0.016169; -0.245924
6; 1419887326774628045; 10; 3; 0.061950; -0.019986; -0.184760
7; 1419887326779632928; 10; 3; 0.034091; -0.017860; -0.215244
8; 1419887326784698846; 10; 3; 0.059808; -0.012197; -0.218023
9; 1419887326789703729; 10; 3; 0.093420; -0.067925; -0.258133
10; 1419887326794739129; 10; 3; -0.025837; 0.051592; -0.244428
11; 1419887326799774530; 10; 3; 0.054657; -0.053060; -0.294943
12; 1419887326804809930; 10; 3; -0.054326; -0.054335; -0.248618
13; 1419887326809845330; 10; 3; -0.158228; -0.060088; -0.193546
14; 1419887326814880731; 10; 3; -0.248542; 0.013718; -0.213458
15; 1419887326819977166; 10; 3; -0.340437; 0.036434; -0.206541
16; 1419887326824982049; 10; 3; -0.420112; 0.088661; -0.195601
17; 1419887326829986932; 10; 3; -0.450566; 0.049512; -0.186159
18; 1419887326835022332; 10; 3; -0.502362; 0.127960; -0.237972
19; 1419887326840057733; 10; 3; -0.561133; 0.153298; -0.172664
20; 1419887326845093133; 10; 3; -0.504005; 0.127929; -0.156383
21; 1419887326850159051; 10; 3; -0.409617; 0.159708; -0.145763
22; 1419887326855163934; 10; 3; -0.296959; 0.119777; -0.200987
23; 1419887326860229852; 10; 3; -0.222152; 0.072528; -0.235004
24; 1419887326865295770; 10; 3; -0.060531; 0.071892; -0.143439
25; 1419887326870300653; 10; 3; 0.131890; -0.036322; 0.022446
26; 1419887326875366571; 10; 3; 0.273008; -0.106390; -0.051480
27; 1419887326880371453; 10; 3; 0.400918; -0.096140; 0.120939
28; 1419887326885437371; 10; 3; 0.488655; -0.182052; 0.092593
29; 1419887326890442254; 10; 3; 0.543719; -0.213730; 0.137033
30; 1419887326895508172; 10; 3; 0.478375; -0.173409; 0.026224
31; 1419887326900543573; 10; 3; 0.490028; -0.172750; -0.034661
32; 1419887326905578973; 10; 3; 0.381122; -0.224436; -0.063387
33; 1419887326910553338; 10; 3; 0.376842; -0.191696; -0.146626
34; 1419887326915619256; 10; 3; 0.192972; -0.194916; -0.201867
35; 1419887326920715692; 10; 3; 0.109801; -0.136962; -0.094528
36; 1419887326925720575; 10; 3; -0.068991; -0.080641; -0.249624
37; 1419887326930694940; 10; 3; -0.255376; -0.087245; -0.330205
38; 1419887326935760858; 10; 3; -0.450822; 0.035176; -0.442802
39; 1419887326940796258; 10; 3; -0.515676; 0.091439; -0.583120
40; 1419887326945831659; 10; 3; -0.488722; 0.150642; -0.442914
41; 1419887326950885487; 10; 3; -0.424308; 0.134612; -0.300076
42; 1419887326955951405; 10; 3; -0.248705; 0.082221; -0.225393
43; 1419887326960956288; 10; 3; -0.011454; 0.016338; -0.114859
44; 1419887326966022206; 10; 3; 0.248179; -0.104819; -0.094705
45; 1419887326971027089; 10; 3; 0.356802; -0.170778; -0.097582
46; 1419887326976031971; 10; 3; 0.612690; -0.224798; 0.043814
47; 1419887326981097889; 10; 3; 0.696120; -0.280083; 0.028371
48; 1419887326986133290; 10; 3; 0.724119; -0.273818; 0.030947
49; 1419887326991168690; 10; 3; 0.778388; -0.304139; 0.091013
50; 1419887326996204090; 10; 3; 0.673041; -0.257182; 0.039497
51; 1419887327001270008; 10; 3; 0.444962; -0.269848; -0.061944
52; 1419887327006305409; 10; 3; 0.405838; -0.228752; -0.064366
53; 1419887327011310292; 10; 3; 0.195650; -0.131203; -0.120553
54; 1419887327016345692; 10; 3; 0.133959; -0.175600; -0.200523
55; 1419887327021411610; 10; 3; 0.133632; -0.119677; -0.145051
56; 1419887327026447010; 10; 3; 0.164092; -0.082121; -0.051128
57; 1419887327031451893; 10; 3; 0.173365; -0.179667; -0.090049
58; 1419887327036517811; 10; 3; 0.194503; -0.132853; -0.054625
59; 1419887327041522694; 10; 3; 0.140498; -0.221554; -0.073498
60; 1419887327046588612; 10; 3; 0.073352; -0.209493; -0.215959
61; 1419887327051624012; 10; 3; 0.013019; -0.239957; -0.217799
62; 1419887327056659413; 10; 3; -0.093470; -0.182121; -0.329819
63; 1419887327061694813; 10; 3; -0.074321; -0.130852; -0.311691
64; 1419887327066730214; 10; 3; -0.071939; -0.060066; -0.278208
65; 1419887327071796131; 10; 3; -0.094209; -0.027432; -0.226136
66; 1419887327076801014; 10; 3; -0.042300; -0.094557; -0.121660
67; 1419887327081805897; 10; 3; -0.037063; -0.051318; -0.007581
68; 1419887327086871815; 10; 3; -0.018112; 0.021938; 0.048300
69; 1419887327091907215; 10; 3; -0.037304; 0.029611; 0.094050
70; 1419887327096942616; 10; 3; -0.055526; 0.068858; 0.048836
71; 1419887327101978016; 10; 3; -0.058712; 0.060614; -0.021552
72; 1419887327107013417; 10; 3; -0.125536; 0.072438; 0.072231
73; 1419887327112048817; 10; 3; -0.109442; 0.088750; 0.113224
74; 1419887327117084217; 10; 3; -0.066590; 0.081241; 0.121047
75; 1419887327122119618; 10; 3; -0.055856; 0.085419; 0.078583
76; 1419887327127155018; 10; 3; -0.016717; 0.069305; 0.087693
77; 1419887327132190419; 10; 3; 0.001324; 0.050739; 0.045564
78; 1419887327137225819; 10; 3; 0.018499; 0.030973; 0.040874
79; 1419887327142261219; 10; 3; -0.034587; 0.111188; 0.064792
80; 1419887327147296620; 10; 3; -0.034844; 0.079835; 0.041568
81; 1419887327152332020; 10; 3; -0.084228; 0.091175; -0.157700
82; 1419887327157367421; 10; 3; -0.182547; 0.083591; -0.094740
83; 1419887327162402821; 10; 3; -0.178969; 0.072607; -0.109035
84; 1419887327167438221; 10; 3; -0.201722; 0.130095; -0.183361
85; 1419887327172473622; 10; 3; -0.214005; 0.114130; -0.078266
86; 1419887327177509022; 10; 3; -0.226569; 0.100795; -0.026293
87; 1419887327182544423; 10; 3; -0.164034; 0.161814; -0.078562
88; 1419887327187579823; 10; 3; -0.116570; 0.132739; -0.175010
89; 1419887327192615223; 10; 3; -0.154537; 0.133428; -0.170364
90; 1419887327197650624; 10; 3; -0.083766; 0.085856; -0.101039
91; 1419887327202686024; 10; 3; -0.038272; 0.010589; -0.179713
92; 1419887327207721424; 10; 3; -0.050574; 0.046903; -0.089348
93; 1419887327212756825; 10; 3; -0.134140; 0.058188; -0.094296
94; 1419887327217792225; 10; 3; -0.237583; 0.064717; -0.026296
95; 1419887327222858143; 10; 3; -0.364566; 0.116027; 0.025547
96; 1419887327227863026; 10; 3; -0.461176; 0.216365; -0.046944
97; 1419887327232867909; 10; 3; -0.677743; 0.267482; -0.021061
98; 1419887327237933827; 10; 3; -0.746071; 0.306435; -0.032162
99; 1419887327242969227; 10; 3; -0.719762; 0.275628; -0.000967
100; 1419887327248004628; 10; 3; -0.696552; 0.232294; 0.040312
101; 1419887327253040028; 10; 3; -0.519562; 0.204806; 0.165887
102; 1419887327258075428; 10; 3; -0.310230; 0.163544; 0.195802
103; 1419887327263110829; 10; 3; 0.017595; 0.035439; 0.144128
104; 1419887327268146229; 10; 3; 0.097740; -0.062064; 0.202760
105; 1419887327273181630; 10; 3; 0.397359; -0.183545; 0.073623
106; 1419887327278217030; 10; 3; 0.598895; -0.190891; 0.141758
107; 1419887327283252430; 10; 3; 0.802842; -0.198332; 0.119944
108; 1419887327288257313; 10; 3; 0.841116; -0.212920; 0.086788
109; 1419887327293323231; 10; 3; 0.816985; -0.252316; -0.020078
110; 1419887327298358631; 10; 3; 0.714760; -0.190074; -0.084466
111; 1419887327303394032; 10; 3; 0.624837; -0.145021; -0.141024
112; 1419887327308429432; 10; 3; 0.420779; -0.171271; -0.069496
113; 1419887327313464833; 10; 3; 0.011330; -0.163188; -0.006692
114; 1419887327318500233; 10; 3; -0.276604; 0.047721; -0.006901
115; 1419887327323535633; 10; 3; -0.524960; 0.184919; -0.054433
116; 1419887327328571034; 10; 3; -0.710983; 0.278624; -0.034536
117; 1419887327333606434; 10; 3; -0.833548; 0.258425; 0.205604
118; 1419887327338641835; 10; 3; -0.846902; 0.197183; 0.182783
119; 1419887327343677235; 10; 3; -0.778559; 0.191894; 0.206272
120; 1419887327348712635; 10; 3; -0.713109; 0.223183; 0.116380
121; 1419887327353845958; 10; 3; -0.607838; 0.209368; 0.166526
122; 1419887327358881358; 10; 3; -0.562055; 0.208729; 0.137057
123; 1419887327363916759; 10; 3; -0.552509; 0.223538; 0.152554
124; 1419887327368952159; 10; 3; -0.654020; 0.270126; 0.102995
125; 1419887327374018077; 10; 3; -0.667102; 0.374027; 0.156925
126; 1419887327379022960; 10; 3; -0.462043; 0.366967; 0.025677
127; 1419887327384058360; 10; 3; -0.365237; 0.318204; 0.078131
128; 1419887327389063243; 10; 3; -0.296330; 0.176050; -0.033094
129; 1419887327394129161; 10; 3; -0.205529; 0.186910; -0.122575
130; 1419887327399164561; 10; 3; -0.073878; 0.092299; -0.242758
131; 1419887327404199962; 10; 3; 0.115902; 0.060935; -0.269755
132; 1419887327409235362; 10; 3; 0.234533; -0.008968; -0.373688
133; 1419887327414270762; 10; 3; 0.313296; -0.068462; -0.390215
134; 1419887327419306163; 10; 3; 0.367980; -0.092625; -0.365229
135; 1419887327424341563; 10; 3; 0.361050; 0.005788; -0.310985
136; 1419887327429376964; 10; 3; 0.351866; 0.013214; -0.256041
137; 1419887327434412364; 10; 3; 0.360522; 0.044859; -0.182546
138; 1419887327439417247; 10; 3; 0.263145; -0.000102; -0.146977
139; 1419887327444483165; 10; 3; 0.078017; 0.001577; -0.134523
140; 1419887327449518565; 10; 3; -0.054810; 0.093124; -0.043078
141; 1419887327454523448; 10; 3; -0.161721; 0.140318; 0.040628
142; 1419887327459589366; 10; 3; -0.387243; 0.168313; 0.074069
143; 1419887327464624766; 10; 3; -0.472866; 0.155890; 0.082558
144; 1419887327469660167; 10; 3; -0.600653; 0.201290; 0.119721
145; 1419887327474695567; 10; 3; -0.621527; 0.170382; 0.172666
146; 1419887327479730968; 10; 3; -0.494952; 0.203055; 0.248595
147; 1419887327484766368; 10; 3; -0.316512; 0.181797; 0.304904
148; 1419887327489771251; 10; 3; -0.299133; 0.065611; 0.197441
149; 1419887327494837169; 10; 3; -0.220668; 0.063243; 0.086820
150; 1419887327499872569; 10; 3; -0.197211; 0.060551; 0.060335
151; 1419887327504907970; 10; 3; -0.063088; 0.073064; 0.019032
152; 1419887327509943370; 10; 3; -0.008366; 0.009782; -0.069175
153; 1419887327514978770; 10; 3; 0.045515; -0.075442; -0.081289
154; 1419887327520014171; 10; 3; 0.087932; -0.078239; -0.143459
155; 1419887327525080089; 10; 3; 0.209998; -0.131483; -0.071060
156; 1419887327530084971; 10; 3; 0.292180; -0.165017; -0.118166
157; 1419887327535120372; 10; 3; 0.340532; -0.201434; -0.072322
158; 1419887327540155772; 10; 3; 0.440593; -0.283343; -0.068869
159; 1419887327545191173; 10; 3; 0.606354; -0.295780; -0.001014
160; 1419887327550226573; 10; 3; 0.683914; -0.300771; 0.117975
161; 1419887327555280415; 10; 3; 0.742680; -0.292570; 0.054976
162; 1419887327560315816; 10; 3; 0.746301; -0.336448; 0.094018
163; 1419887327565351216; 10; 3; 0.818503; -0.259442; 0.100896
164; 1419887327570386617; 10; 3; 0.843338; -0.257572; 0.117339
165; 1419887327575422017; 10; 3; 0.707773; -0.286743; 0.278355
166; 1419887327580457417; 10; 3; 0.434389; -0.148132; 0.262650
167; 1419887327585492818; 10; 3; 0.117357; -0.041605; 0.203982
168; 1419887327590528218; 10; 3; -0.152419; 0.102897; 0.187722
169; 1419887327595563619; 10; 3; -0.427977; 0.150409; 0.188595
170; 1419887327600599019; 10; 3; -0.565849; 0.204535; 0.115301
171; 1419887327605634419; 10; 3; -0.699007; 0.197874; 0.149247
172; 1419887327610669820; 10; 3; -0.699134; 0.169920; 0.079068
173; 1419887327615705220; 10; 3; -0.616978; 0.096058; -0.030929
174; 1419887327620740620; 10; 3; -0.418784; 0.021654; -0.015078
175; 1419887327625776021; 10; 3; -0.176123; -0.056740; -0.127541
176; 1419887327630780904; 10; 3; 0.115759; -0.160368; -0.074189
177; 1419887327635846822; 10; 3; 0.461434; -0.285533; -0.181433
178; 1419887327640882222; 10; 3; 0.739403; -0.318556; -0.161916
179; 1419887327645917622; 10; 3; 0.884695; -0.411346; -0.203622
180; 1419887327650983540; 10; 3; 1.066854; -0.429863; -0.256526
181; 1419887327655957906; 10; 3; 1.210557; -0.496710; -0.155604
182; 1419887327661023824; 10; 3; 1.397915; -0.454352; -0.080183
183; 1419887327666059224; 10; 3; 1.411719; -0.478906; 0.030738
184; 1419887327671064107; 10; 3; 1.240073; -0.495608; 0.141740
185; 1419887327676160542; 10; 3; 0.931096; -0.388562; -0.040622
186; 1419887327681165425; 10; 3; 0.612858; -0.345389; -0.070936
187; 1419887327686200826; 10; 3; 0.283417; -0.215189; -0.190611
188; 1419887327691236226; 10; 3; -0.008371; -0.140245; -0.152056
189; 1419887327696271626; 10; 3; -0.154516; -0.120077; -0.177746
190; 1419887327701307027; 10; 3; -0.286581; -0.071484; -0.152497
191; 1419887327706342427; 10; 3; -0.375442; -0.092875; -0.102592
192; 1419887327711377828; 10; 3; -0.411996; -0.084425; -0.090908
193; 1419887327716413228; 10; 3; -0.401147; -0.199002; -0.199015
194; 1419887327721448628; 10; 3; -0.193825; -0.216804; -0.147089
195; 1419887327726484029; 10; 3; -0.036961; -0.228226; -0.120870
196; 1419887327731519429; 10; 3; 0.140081; -0.239216; -0.188976
197; 1419887327736524312; 10; 3; 0.428849; -0.247503; -0.041740
198; 1419887327741559712; 10; 3; 0.625678; -0.281694; 0.051188
199; 1419887327746564595; 10; 3; 0.859497; -0.283875; 0.130711
200; 1419887327751599995; 10; 3; 0.883003; -0.376406; 0.200801
201; 1419887327756635396; 10; 3; 0.712750; -0.178818; 0.112509
202; 1419887327761670796; 10; 3; 0.593604; -0.070368; 0.118945
203; 1419887327766706197; 10; 3; 0.346300; -0.158329; 0.040717
204; 1419887327771741597; 10; 3; 0.232774; -0.118202; -0.042732
205; 1419887327776776997; 10; 3; 0.181968; -0.123312; -0.074854
206; 1419887327781842915; 10; 3; 0.055755; -0.061952; -0.065586
207; 1419887327786878316; 10; 3; -0.047554; -0.074099; 0.054609
208; 1419887327791883199; 10; 3; -0.220730; 0.017194; 0.025642
209; 1419887327796949117; 10; 3; -2.877597; -0.826172; -0.239522
210; 1419887327801953999; 10; 3; -8.488077; 3.967659; -6.105150
211; 1419887327807019917; 10; 3; 5.094129; 2.452357; -0.283164
212; 1419887327812055318; 10; 3; 0.098263; -0.421355; 2.725113
213; 1419887327817090718; 10; 3; -0.596248; -1.310925; 1.053994
214; 1419887327822126119; 10; 3; 0.501205; -0.699050; 1.065263
215; 1419887327827222554; 10; 3; 2.576936; 0.398757; 0.761108
216; 1419887327832196919; 10; 3; 1.815722; 0.363570; -0.213457
217; 1419887327837201802; 10; 3; 0.419565; -0.244348; -0.115188
218; 1419887327842267720; 10; 3; 0.109863; -0.342134; -0.009796
219; 1419887327847272603; 10; 3; 0.319316; 0.058650; -0.047057
220; 1419887327852338521; 10; 3; 0.264767; 0.156990; 0.019153
221; 1419887327857373921; 10; 3; 0.151108; -0.070973; 0.139217
222; 1419887327862378804; 10; 3; 0.076315; -0.198732; 0.255607
223; 1419887327867444722; 10; 3; -0.001431; -0.141576; 0.154304
224; 1419887327872449605; 10; 3; -0.015039; -0.203468; 0.081265
225; 1419887327877485005; 10; 3; 0.039023; -0.210533; 0.117468
226; 1419887327882550923; 10; 3; 0.040820; -0.221975; 0.105514
227; 1419887327887555806; 10; 3; -0.027612; -0.230602; 0.160489
228; 1419887327892591206; 10; 3; -0.019435; -0.209267; 0.205297
229; 1419887327897626607; 10; 3; -0.059739; -0.211618; 0.204809
230; 1419887327902692525; 10; 3; -0.036915; -0.139396; 0.176163
231; 1419887327907697408; 10; 3; -0.067185; -0.023822; 0.103036
232; 1419887327912763326; 10; 3; -0.114262; 0.006920; -0.010873
233; 1419887327917768208; 10; 3; -0.108966; 0.036222; -0.098009
234; 1419887327922803609; 10; 3; -0.023953; -0.021179; -0.163370
235; 1419887327927839009; 10; 3; 0.005617; 0.100560; -0.250938
236; 1419887327932904927; 10; 3; 0.073578; 0.106742; -0.231391
237; 1419887327937909810; 10; 3; 0.091971; 0.008523; -0.298367
238; 1419887327942945210; 10; 3; 0.139243; 0.041085; -0.237111
239; 1419887327948011128; 10; 3; 0.225821; -0.011765; -0.226043
240; 1419887327953016011; 10; 3; 0.289781; -0.058423; -0.151129
241; 1419887327958149283; 10; 3; 0.306226; -0.094176; -0.151297
242; 1419887327963154166; 10; 3; 0.237211; -0.180672; -0.183604
243; 1419887327968220084; 10; 3; -15.654950; 0.846456; -3.647822
244; 1419887327973255484; 10; 3; 5.376954; 3.071316; -3.704746
245; 1419887327978321402; 10; 3; 2.599607; 0.455347; 2.120110
246; 1419887327983326285; 10; 3; 0.049113; -1.236357; 1.829682
247; 1419887327988331168; 10; 3; 0.040786; -1.316760; 0.867398
248; 1419887327993366568; 10; 3; 2.411244; -0.079511; 0.500457
249; 1419887327998401969; 10; 3; 2.865916; 0.474233; -0.511717
250; 1419887328003437369; 10; 3; 0.979540; -0.022159; -0.626658
251; 1419887328008472769; 10; 3; 0.380187; -0.519567; -0.228120
252; 1419887328013508170; 10; 3; 0.445115; -0.361110; 0.045319
253; 1419887328018543570; 10; 3; 0.424443; -0.022892; 0.063526
254; 1419887328023578971; 10; 3; -0.064700; 0.045833; 0.009546
255; 1419887328028614371; 10; 3; -0.449199; -0.072118; 0.111370
256; 1419887328033680289; 10; 3; -0.693987; 0.061649; 0.178510
257; 1419887328038685172; 10; 3; -0.840363; 0.216322; 0.148160
258; 1419887328043720572; 10; 3; -0.852765; 0.227160; 0.182962
259; 1419887328048755973; 10; 3; -0.863726; 0.209770; 0.267195
260; 1419887328053791373; 10; 3; -0.710933; 0.100191; 0.365183
261; 1419887328058826773; 10; 3; -0.644063; 0.050404; 0.383435
262; 1419887328063862174; 10; 3; -0.443207; 0.054024; 0.463723
263; 1419887328068897574; 10; 3; -0.209266; 0.077447; 0.423535
264; 1419887328073963492; 10; 3; 0.021572; 0.060053; 0.427016
265; 1419887328078998892; 10; 3; 0.275024; -0.008685; 0.316240
266; 1419887328084034293; 10; 3; 0.401946; 0.025587; 0.233855
267; 1419887328089069693; 10; 3; 0.579785; -0.014149; 0.110877
268; 1419887328094105094; 10; 3; 0.582250; 0.005284; -0.061054
269; 1419887328099140494; 10; 3; 0.613133; -0.059678; -0.105352
270; 1419887328104175894; 10; 3; 0.648775; -0.067451; -0.144932
271; 1419887328109211295; 10; 3; 0.525439; -0.069070; -0.177721
272; 1419887328114246695; 10; 3; -22.194645; 1.661040; -5.258166
273; 1419887328119282096; 10; 3; 5.931014; 3.650221; -3.816358
274; 1419887328124317496; 10; 3; 4.193320; 0.631232; 2.438586
275; 1419887328129383414; 10; 3; 0.376984; -1.348495; 2.037308
276; 1419887328134418814; 10; 3; -0.187761; -1.500376; 1.189544
277; 1419887328139454215; 10; 3; 2.995895; -0.413597; 0.877608
278; 1419887328144489615; 10; 3; 3.988958; 0.171031; -0.296844
279; 1419887328149494498; 10; 3; 1.899988; -0.050329; -0.421153
280; 1419887328154560416; 10; 3; 0.241420; -0.247638; 0.377970
281; 1419887328159595816; 10; 3; 0.037601; -0.264440; 0.228696
282; 1419887328164631217; 10; 3; 0.089369; 0.030090; -0.119234
283; 1419887328169666617; 10; 3; -0.094260; 0.094274; -0.206759
284; 1419887328174702017; 10; 3; -0.392570; -0.083751; -0.230087
285; 1419887328179737418; 10; 3; -0.691233; -0.206207; -0.314717
286; 1419887328184742301; 10; 3; -0.788474; -0.129483; -0.138232
287; 1419887328189777701; 10; 3; -0.750215; -0.019096; 0.060134
288; 1419887328194843619; 10; 3; -0.748689; 0.045252; 0.297218
289; 1419887328199879019; 10; 3; -0.656579; 0.037356; 0.407389
290; 1419887328204914420; 10; 3; -0.534228; -0.027395; 0.472287
291; 1419887328209949820; 10; 3; -0.306150; -0.081453; 0.570811
292; 1419887328214954703; 10; 3; -0.080366; -0.109723; 0.393739
293; 1419887328219959586; 10; 3; 0.209164; -0.100517; 0.166265
294; 1419887328225025504; 10; 3; 0.472923; -0.130965; -0.025104
295; 1419887328230060904; 10; 3; 0.644535; -0.182899; -0.140686
296; 1419887328235126822; 10; 3; 0.814228; -0.152879; -0.172826
297; 1419887328240131705; 10; 3; 0.862944; -0.140693; -0.303587
298; 1419887328245136588; 10; 3; 0.867290; -0.166381; -0.341816
299; 1419887328250202506; 10; 3; 0.827408; -0.155045; -0.417192
300; 1419887328255207389; 10; 3; 0.682620; -0.147030; -0.361307
301; 1419887328260242789; 10; 3; 0.428179; -0.200395; -0.388183
302; 1419887328265278189; 10; 3; 0.201728; -0.132209; -0.369468
303; 1419887328270344107; 10; 3; 0.028810; -0.059082; -0.236538
304; 1419887328275379508; 10; 3; -0.157762; -0.036823; -0.122502
305; 1419887328280506461; 10; 3; -0.306005; 0.063912; 0.108194
306; 1419887328285450308; 10; 3; -0.403630; 0.077721; 0.176896
307; 1419887328290455191; 10; 3; -0.501814; 0.129280; 0.194747
308; 1419887328295490592; 10; 3; -0.477164; 0.202813; 0.196715
309; 1419887328300556510; 10; 3; -0.493596; 0.169947; 0.218733
310; 1419887328305561392; 10; 3; -0.452373; 0.208945; 0.035367
311; 1419887328310627310; 10; 3; -0.342772; 0.214040; -0.083527
312; 1419887328315632193; 10; 3; -0.319072; 0.243621; -0.107583
313; 1419887328320667594; 10; 3; -0.188634; 0.252671; -0.189223
314; 1419887328325702994; 10; 3; -0.068028; 0.138282; -0.302598
315; 1419887328330738394; 10; 3; 0.036744; 0.096811; -0.298477
316; 1419887328335804312; 10; 3; 0.133877; 0.092617; -0.372109
317; 1419887328340839713; 10; 3; 0.175904; 0.062945; -0.337404
318; 1419887328345844596; 10; 3; 0.217469; 0.079164; -0.314706
319; 1419887328350879996; 10; 3; 0.244277; 0.047400; -0.244648
320; 1419887328355945914; 10; 3; 0.148442; 0.058137; -0.164446
321; 1419887328360950797; 10; 3; 0.063350; 0.033872; -0.100987
322; 1419887328365986197; 10; 3; -0.092692; 0.166461; -0.097325
323; 1419887328371021598; 10; 3; -0.136583; 0.158565; 0.042887
324; 1419887328376056998; 10; 3; -0.165792; 0.201437; 0.121432
325; 1419887328381092398; 10; 3; -0.209988; 0.164219; 0.124572
326; 1419887328386158316; 10; 3; -0.253802; 0.175247; 0.344539
327; 1419887328391193717; 10; 3; -0.248557; 0.171483; 0.236045
328; 1419887328396229117; 10; 3; -0.195729; 0.138806; 0.205778
329; 1419887328401264517; 10; 3; -0.077734; 0.129622; 0.173818
330; 1419887328406299918; 10; 3; -0.064498; 0.114280; 0.059332
331; 1419887328411335318; 10; 3; -0.001649; 0.039521; 0.011891
332; 1419887328416370719; 10; 3; 0.026307; 0.042102; -0.032981
333; 1419887328421406119; 10; 3; -0.023326; 0.061340; -0.148974
334; 1419887328426441519; 10; 3; 0.009888; 0.036766; -0.201959
335; 1419887328431507437; 10; 3; 0.034446; 0.045710; -0.270574
336; 1419887328436512320; 10; 3; 0.025562; 0.041859; -0.315740
337; 1419887328441547721; 10; 3; 0.020180; -0.013867; -0.267590
338; 1419887328446552603; 10; 3; 0.048086; -0.013346; -0.269970
339; 1419887328451588004; 10; 3; 0.096116; -0.006633; -0.222961
340; 1419887328456623404; 10; 3; 0.121533; -0.009240; -0.105233
341; 1419887328461658805; 10; 3; 0.287111; -0.114945; -0.015402
342; 1419887328466694205; 10; 3; 0.333776; -0.188296; 0.014799
343; 1419887328471729605; 10; 3; 0.385286; -0.202183; 0.099628
344; 1419887328476795523; 10; 3; 0.378731; -0.117696; 0.078860
345; 1419887328481800406; 10; 3; 0.304901; -0.116762; 0.003941
346; 1419887328486866324; 10; 3; 0.213912; -0.098183; -0.087152
347; 1419887328491901724; 10; 3; 0.102110; -0.042991; -0.029448
348; 1419887328496937125; 10; 3; -0.016216; 0.004829; -0.099943
349; 1419887328501972525; 10; 3; -0.124482; 0.045301; -0.107200
350; 1419887328507007926; 10; 3; -0.278535; 0.034519; -0.114266
351; 1419887328512043326; 10; 3; -0.341963; 0.083013; -0.185232
352; 1419887328517078726; 10; 3; -0.387850; 0.136064; -0.062412
353; 1419887328522114127; 10; 3; -0.360639; 0.123714; -0.152370
354; 1419887328527149527; 10; 3; -0.305626; 0.128083; -0.224339
355; 1419887328532184928; 10; 3; -0.127901; 0.086225; -0.188178
356; 1419887328537189810; 10; 3; 0.051219; 0.016055; -0.200837
357; 1419887328542255728; 10; 3; 0.185504; -0.044370; -0.237257
358; 1419887328547291129; 10; 3; 0.285934; -0.028607; -0.239240
359; 1419887328552326529; 10; 3; 0.409787; -0.123182; -0.236619
360; 1419887328557361930; 10; 3; 0.470735; -0.036922; -0.229579
361; 1419887328562397330; 10; 3; 0.486970; -0.045641; -0.246714
362; 1419887328567432730; 10; 3; 0.446949; -0.052903; -0.114749
363; 1419887328572468131; 10; 3; 0.335538; -0.015994; -0.222207
364; 1419887328577503531; 10; 3; 0.264350; -0.039612; -0.125474
365; 1419887328582569449; 10; 3; 0.062280; 0.048469; -0.073082
366; 1419887328587574332; 10; 3; -0.105589; 0.101844; 0.077727
367; 1419887328592640250; 10; 3; -0.219408; 0.080216; -0.022192
368; 1419887328597645133; 10; 3; -0.247574; 0.148733; 0.016072
369; 1419887328602680533; 10; 3; -0.420767; 0.177773; -0.023865
370; 1419887328607746451; 10; 3; -0.410231; 0.236283; -0.002873
371; 1419887328612751334; 10; 3; -0.376679; 0.195934; -0.071773
372; 1419887328617786734; 10; 3; -0.315219; 0.129418; -0.045204
373; 1419887328622852652; 10; 3; -0.242398; 0.184018; -0.027935
374; 1419887328627888053; 10; 3; -0.162837; 0.125620; -0.046155
375; 1419887328632923453; 10; 3; -0.118109; 0.117229; -0.117722
376; 1419887328637897818; 10; 3; -0.087888; 0.093442; -0.088211
377; 1419887328642963736; 10; 3; -0.104135; 0.151683; -0.120599
378; 1419887328647999137; 10; 3; -0.056417; 0.112571; -0.106832
379; 1419887328653034537; 10; 3; -0.039927; 0.117703; -0.089901
380; 1419887328658100455; 10; 3; 0.006130; 0.139686; -0.044942
381; 1419887328663105338; 10; 3; 0.025892; 0.128527; 0.082735
382; 1419887328668140738; 10; 3; 0.075144; 0.071201; 0.004554
383; 1419887328673206656; 10; 3; 0.175242; 0.035378; 0.178271
384; 1419887328678211539; 10; 3; 0.201443; 0.041101; 0.198574
385; 1419887328683277457; 10; 3; 0.258479; -0.016241; 0.153765
386; 1419887328688312857; 10; 3; 0.326381; -0.083175; 0.155761
387; 1419887328693317740; 10; 3; 0.424244; -0.004201; 0.159387
388; 1419887328698353141; 10; 3; 0.303977; -0.027856; 0.200334
389; 1419887328703388541; 10; 3; 0.207295; -0.060124; 0.126593
390; 1419887328708454459; 10; 3; 0.124674; -0.073719; 0.025182
391; 1419887328713459342; 10; 3; -0.013023; -0.002151; -0.032675
392; 1419887328718494742; 10; 3; -0.122783; 0.008434; -0.151700
393; 1419887328723530142; 10; 3; -0.144340; 0.009398; -0.190718
394; 1419887328728596060; 10; 3; -0.228854; 0.054356; -0.181074
395; 1419887328733661978; 10; 3; -0.346569; 0.048400; -0.317892
396; 1419887328738666861; 10; 3; -0.240180; 0.077276; -0.324401
397; 1419887328743702262; 10; 3; -0.182725; 0.088178; -0.259973
398; 1419887328748737662; 10; 3; -0.097401; 0.053399; -0.226262
399; 1419887328753742545; 10; 3; -0.016111; -0.031384; -0.160500
400; 1419887328758790260; 10; 3; 0.224357; -0.045428; -0.095922
401; 1419887328763825661; 10; 3; 0.306643; -0.073234; -0.047687
402; 1419887328768891579; 10; 3; 0.443722; -0.130121; -0.040316
403; 1419887328773896461; 10; 3; 0.528199; -0.120425; -0.060213
404; 1419887328778931862; 10; 3; 0.530045; -0.185266; -0.038519
405; 1419887328783967262; 10; 3; 0.509285; -0.088087; 0.071814
406; 1419887328789002663; 10; 3; 0.473424; -0.118363; 0.140429
407; 1419887328794068581; 10; 3; 0.207769; -0.059096; 0.041477
408; 1419887328799073463; 10; 3; 0.077505; -0.049127; 0.010073
409; 1419887328804108864; 10; 3; -0.080530; 0.000552; -0.071290
410; 1419887328809144264; 10; 3; -0.079957; -0.001183; -0.058329
411; 1419887328814179664; 10; 3; -7.840035; -1.147625; -1.693469
412; 1419887328819245582; 10; 3; -4.654740; 4.138891; -5.155438
413; 1419887328824250465; 10; 3; 4.880255; 1.537676; 0.781289
414; 1419887328829285866; 10; 3; 0.887051; -1.112905; 2.196165
415; 1419887328834321266; 10; 3; -0.479569; -1.880223; 0.879779
416; 1419887328839356666; 10; 3; 0.972198; -0.770000; 0.349824
417; 1419887328844392067; 10; 3; 2.753240; 0.419768; -0.553688
418; 1419887328849427467; 10; 3; 1.684553; 0.334868; -0.975177
419; 1419887328854493385; 10; 3; 0.738112; -0.211168; -0.569193
420; 1419887328859498268; 10; 3; 0.625890; -0.240672; -0.166254
421; 1419887328864564186; 10; 3; 0.755932; 0.136962; -0.141359
422; 1419887328869569069; 10; 3; 0.751644; 0.272955; 0.001506
423; 1419887328874634987; 10; 3; 0.512378; 0.232667; 0.247510
424; 1419887328879639870; 10; 3; 0.347854; 0.232255; 0.403558
425; 1419887328884736305; 10; 3; -0.551459; 0.655163; 0.301311
426; 1419887328889741188; 10; 3; -0.273930; 0.508923; 0.296561
427; 1419887328894746071; 10; 3; -0.405849; 0.306725; 0.354544
428; 1419887328899781471; 10; 3; -0.463838; -0.130519; 0.274266
429; 1419887328904816872; 10; 3; -0.406077; -0.331872; 0.281321
430; 1419887328909882789; 10; 3; -0.122066; -0.349962; 0.296822
431; 1419887328914887672; 10; 3; -0.155819; -0.341886; 0.402534
432; 1419887328919953590; 10; 3; -0.262973; -0.358886; 0.445263
433; 1419887328924988991; 10; 3; -0.275461; -0.233609; 0.297196
434; 1419887328930024391; 10; 3; -0.252561; -0.127914; 0.286646
435; 1419887328935059791; 10; 3; -0.146053; 0.033024; 0.156883
436; 1419887328940095192; 10; 3; -0.104364; 0.105408; -0.015851
437; 1419887328945130592; 10; 3; 0.032415; 0.135877; -0.134352
438; 1419887328950135475; 10; 3; 0.178426; 0.125930; -0.283502
439; 1419887328955201393; 10; 3; 0.243102; 0.142301; -0.336492
440; 1419887328960236793; 10; 3; 0.325718; 0.137560; -0.279555
441; 1419887328965272194; 10; 3; 0.320531; 0.118903; -0.181854
442; 1419887328970307594; 10; 3; 0.316626; 0.064947; -0.156213
443; 1419887328975312477; 10; 3; 0.263842; 0.127623; -0.104814
444; 1419887328980378395; 10; 3; -0.187280; -0.100750; 0.021182
445; 1419887328985413795; 10; 3; -11.338202; 1.830526; -3.429109
446; 1419887328990449196; 10; 3; 3.229342; 2.357661; -1.116323
447; 1419887328995484596; 10; 3; 1.595139; 0.176002; 1.620261
448; 1419887329000489479; 10; 3; -0.310080; -0.877932; 0.932568
449; 1419887329005555397; 10; 3; 0.059063; -0.724093; 0.624143
450; 1419887329010560280; 10; 3; 2.015288; 0.151481; 0.159108
451; 1419887329015595680; 10; 3; 1.995397; 0.362979; -0.598425
452; 1419887329020631081; 10; 3; 1.222399; -0.099509; -0.332979
453; 1419887329025666481; 10; 3; 1.062201; -0.277902; -0.033504
454; 1419887329030701881; 10; 3; -0.170873; 0.479256; -0.114675
455; 1419887329035828834; 10; 3; -0.030411; 0.663768; 0.015186
456; 1419887329040803200; 10; 3; -0.351155; 0.530597; 0.146307
457; 1419887329045808082; 10; 3; -0.597869; 0.132312; 0.124946
458; 1419887329050843483; 10; 3; -0.580930; -0.017485; 0.083306
459; 1419887329055878883; 10; 3; -0.532620; -0.218301; -0.017090
460; 1419887329060914284; 10; 3; -0.495059; -0.236754; -0.043923
461; 1419887329065949684; 10; 3; -0.437633; -0.245139; 0.019969
462; 1419887329070985084; 10; 3; -0.255781; -0.211574; 0.078456
463; 1419887329076020485; 10; 3; -0.135577; -0.242157; 0.240197
464; 1419887329081055885; 10; 3; -0.074769; -0.217102; 0.195533
465; 1419887329086121803; 10; 3; 0.079377; -0.110584; 0.206460
466; 1419887329091126686; 10; 3; 0.217344; -0.118703; 0.047053
467; 1419887329096192604; 10; 3; 0.385112; -0.122289; -0.100950
468; 1419887329101197487; 10; 3; 0.406469; -0.093701; -0.371231
469; 1419887329106232887; 10; 3; 0.512547; -0.128939; -0.551447
470; 1419887329111268288; 10; 3; 0.582254; -0.081613; -0.477016
471; 1419887329116303688; 10; 3; 0.560975; 0.010036; -0.422722
472; 1419887329121369606; 10; 3; 0.542555; -0.005117; -0.356105
473; 1419887329126374489; 10; 3; 0.448047; 0.048748; -0.174685
474; 1419887329131440407; 10; 3; 0.360271; -0.000910; -0.147953
475; 1419887329136445289; 10; 3; 0.335619; -0.019825; -0.023476
476; 1419887329141480690; 10; 3; 0.195598; -0.065051; -0.046134
477; 1419887329146546608; 10; 3; 0.144749; -0.054502; -0.024535
478; 1419887329151551491; 10; 3; 0.101847; -0.032021; -0.126595
479; 1419887329156586891; 10; 3; -14.343842; 1.185850; -4.027902
480; 1419887329161622291; 10; 3; 3.005817; 0.324812; 2.138582
481; 1419887329166688209; 10; 3; 0.734993; -1.185417; 1.354819
482; 1419887329171693092; 10; 3; -0.267632; -1.252355; 0.825425
483; 1419887329176728493; 10; 3; 2.031199; -0.146088; 0.287774
484; 1419887329181794411; 10; 3; 2.320814; 0.500725; -0.564085
485; 1419887329186860329; 10; 3; 0.143560; 0.387879; -0.422835
486; 1419887329191865211; 10; 3; -0.365923; 0.098702; 0.058172
487; 1419887329196900612; 10; 3; -0.380339; 0.343009; 0.086622
488; 1419887329201936012; 10; 3; -0.443231; 0.534926; 0.076263
489; 1419887329206940895; 10; 3; -0.687395; 0.336686; 0.054242
490; 1419887329212006813; 10; 3; -0.736652; 0.150278; 0.055541
491; 1419887329217011696; 10; 3; -0.608671; 0.045905; -0.007895
492; 1419887329222047096; 10; 3; -0.304982; -0.013129; 0.048957
493; 1419887329227113014; 10; 3; -0.126592; -0.070650; 0.223119
494; 1419887329232117897; 10; 3; 0.166204; -0.124145; 0.218303
495; 1419887329237183815; 10; 3; 0.342226; -0.212842; 0.328239
496; 1419887329242219215; 10; 3; 0.516030; -0.304814; 0.267963
497; 1419887329247254616; 10; 3; 0.578491; -0.279272; 0.158409
498; 1419887329252290016; 10; 3; 0.641832; -0.221105; 0.010881
499; 1419887329257325416; 10; 3; 0.605741; -0.157721; -0.129418
500; 1419887329262360817; 10; 3; 0.448522; -0.071120; -0.240319
501; 1419887329267396217; 10; 3; 0.308712; -0.051354; -0.404339
502; 1419887329272401100; 10; 3; 0.201897; 0.071836; -0.542264
503; 1419887329277467018; 10; 3; 0.048317; 0.094115; -0.532080
504; 1419887329282502418; 10; 3; -0.085861; 0.110832; -0.588068
505; 1419887329287537819; 10; 3; -0.144118; 0.161207; -0.427371
506; 1419887329292573219; 10; 3; -0.202030; 0.138254; -0.472025
507; 1419887329297608620; 10; 3; -0.229378; 0.057528; -0.292708
508; 1419887329302644020; 10; 3; -0.200523; 0.081790; -0.241278
509; 1419887329307648903; 10; 3; -0.227473; 0.048018; -0.037001
510; 1419887329312684303; 10; 3; -0.172399; 0.086913; 0.036061
511; 1419887329317750221; 10; 3; -0.162514; 0.027181; -0.040673
512; 1419887329322785622; 10; 3; -0.131200; 0.079182; -0.030387
513; 1419887329327821022; 10; 3; -0.061888; 0.021738; -0.079328
514; 1419887329332856422; 10; 3; -0.013772; 0.098589; -0.028247
515; 1419887329337922340; 10; 3; -0.033783; 0.113420; -0.176633
516; 1419887329342927223; 10; 3; 0.011858; 0.112667; -0.021647
517; 1419887329347932106; 10; 3; 0.088996; 0.167671; -0.142473
518; 1419887329352998024; 10; 3; 0.063816; 0.191625; -0.048044
519; 1419887329358002907; 10; 3; 0.078031; 0.203536; -0.017844
520; 1419887329363068825; 10; 3; 0.057600; 0.151103; 0.010146
521; 1419887329368104225; 10; 3; 0.061472; 0.142526; 0.016999
522; 1419887329373109108; 10; 3; -0.010691; 0.120730; 0.039571
523; 1419887329378175026; 10; 3; -0.072395; 0.138060; -0.037460
524; 1419887329383179909; 10; 3; -0.027674; 0.154194; -0.092957
525; 1419887329388215309; 10; 3; -0.076327; 0.095588; -0.123576
526; 1419887329393250709; 10; 3; -0.098190; 0.120377; -0.111545
527; 1419887329398286110; 10; 3; -0.113508; 0.081130; -0.193608
528; 1419887329403352028; 10; 3; -0.077006; 0.099185; -0.172483
529; 1419887329408356911; 10; 3; -0.111934; 0.118552; -0.214623
530; 1419887329413392311; 10; 3; -0.099090; 0.109463; -0.097666
531; 1419887329418458229; 10; 3; -0.011143; 0.113468; -0.070063
532; 1419887329423493629; 10; 3; -0.033530; 0.119698; -0.115940
533; 1419887329428498512; 10; 3; 0.017100; 0.176782; -0.093688
534; 1419887329433564430; 10; 3; -0.081614; 0.101709; -0.034364
535; 1419887329438569313; 10; 3; -0.126483; 0.138316; -0.060478
536; 1419887329443604713; 10; 3; -0.182964; 0.193827; -0.061548
537; 1419887329448670631; 10; 3; -0.177741; 0.142337; -0.060261
538; 1419887329453706032; 10; 3; -0.184965; 0.176457; -0.080287
539; 1419887329458741432; 10; 3; -0.227428; 0.217599; -0.035991
540; 1419887329463746315; 10; 3; -0.163844; 0.152938; -0.110515
541; 1419887329468812233; 10; 3; -0.092834; 0.155008; -0.119648
542; 1419887329473817116; 10; 3; -0.077070; 0.103821; -0.167096
543; 1419887329478852516; 10; 3; 0.034699; 0.079152; -0.122270
544; 1419887329483887916; 10; 3; 0.071561; 0.058389; -0.161200
545; 1419887329488984352; 10; 3; 0.190550; -0.003700; -0.021052
546; 1419887329493989235; 10; 3; 0.209853; 0.036562; 0.018908
547; 1419887329498994118; 10; 3; 0.238939; -0.030226; 0.046987
548; 1419887329504060036; 10; 3; 0.297963; -0.028173; 0.004029
549; 1419887329509064918; 10; 3; 0.339386; -0.035881; -0.006369
550; 1419887329514252907; 10; 3; 0.336050; -0.068759; -0.015193
551; 1419887329519349342; 10; 3; 0.338100; -0.066184; -0.045014
552; 1419887329524323707; 10; 3; 0.282447; -0.037699; -0.028111
553; 1419887329529359108; 10; 3; 0.198840; -0.070061; -0.032308
554; 1419887329534425026; 10; 3; 0.118096; 0.005590; -0.025564
555; 1419887329539429909; 10; 3; 0.031791; -0.028308; -0.108948
556; 1419887329544465309; 10; 3; -0.120782; 0.028073; -0.239589
557; 1419887329549531227; 10; 3; -0.203053; 0.033328; -0.222775
558; 1419887329554566627; 10; 3; -0.202176; 0.111220; -0.211027
559; 1419887329559602028; 10; 3; -0.234832; 0.100060; -0.084362
560; 1419887329564637428; 10; 3; -0.220258; 0.102166; -0.158984
561; 1419887329569672829; 10; 3; -0.083856; 0.100832; -0.255037
562; 1419887329574677711; 10; 3; -0.086005; 0.107866; -0.128798
563; 1419887329579743629; 10; 3; 0.078978; 0.063829; -0.207153
564; 1419887329584779030; 10; 3; 0.155459; 0.002096; -0.188005
565; 1419887329589814430; 10; 3; 0.198454; 0.008230; -0.177267
566; 1419887329594819313; 10; 3; 0.273689; -0.016500; -0.215339
567; 1419887329599885231; 10; 3; 0.295696; -0.039961; -0.208287
568; 1419887329604920631; 10; 3; 0.251577; -0.049135; -0.240470
569; 1419887329609956032; 10; 3; 0.261545; -0.014346; -0.176379
570; 1419887329614869362; 10; 3; 0.172020; -0.017621; -0.171859
571; 1419887329619843727; 10; 3; 0.139999; 0.018376; -0.169846
572; 1419887329624848610; 10; 3; 0.034713; 0.005671; -0.214321
573; 1419887329629884010; 10; 3; 0.022469; 0.048906; -0.194706
574; 1419887329634919411; 10; 3; -0.041950; 0.050577; -0.172914
575; 1419887329639954811; 10; 3; -0.100327; 0.077294; -0.228554
576; 1419887329645020729; 10; 3; -0.153869; 0.114781; -0.174996
577; 1419887329650025612; 10; 3; -0.180105; 0.119063; -0.138371
578; 1419887329655061012; 10; 3; -0.136405; 0.143587; -0.117326
579; 1419887329660096413; 10; 3; -0.175006; 0.172743; -0.007054
580; 1419887329665131813; 10; 3; -0.045036; 0.164852; 0.003519
581; 1419887329670167213; 10; 3; -0.099660; 0.100909; -0.071078
582; 1419887329675202614; 10; 3; -0.077160; 0.172286; -0.023937
583; 1419887329680238014; 10; 3; -0.000159; 0.173255; -0.073982
584; 1419887329685273414; 10; 3; -0.059909; 0.165823; -0.077466
585; 1419887329690308815; 10; 3; -0.020829; 0.116058; -0.183114
586; 1419887329695344215; 10; 3; -0.035294; 0.176531; -0.215973
587; 1419887329700379616; 10; 3; -0.030853; 0.196477; -0.125984
588; 1419887329705415016; 10; 3; -0.112683; 0.182163; -0.173879
589; 1419887329710450416; 10; 3; -0.125360; 0.205845; -0.095269
590; 1419887329715485817; 10; 3; -0.069575; 0.201085; -0.087081
591; 1419887329720521217; 10; 3; -0.141915; 0.192880; -0.167567
592; 1419887329725556618; 10; 3; -0.101706; 0.181246; -0.114073
593; 1419887329730592018; 10; 3; -0.077342; 0.141357; -0.047988
594; 1419887329735627418; 10; 3; -0.021420; 0.102926; -0.061432
595; 1419887329740662819; 10; 3; 0.010446; 0.010467; -0.078213
596; 1419887329745728737; 10; 3; 0.004618; 0.023747; -0.056982
597; 1419887329750733620; 10; 3; 0.057081; 0.097031; -0.040536
598; 1419887329755769020; 10; 3; -0.044116; 0.045688; -0.078387
599; 1419887329760804420; 10; 3; -0.098324; 0.096191; -0.054413
600; 1419887329765839821; 10; 3; -0.135570; 0.170999; -0.087184
601; 1419887329770875221; 10; 3; -0.189428; 0.157809; -0.136124
602; 1419887329775910622; 10; 3; -0.184375; 0.124678; -0.208249
603; 1419887329780946022; 10; 3; -0.196145; 0.141493; -0.138290
604; 1419887329785981422; 10; 3; -0.154959; 0.183132; -0.175427
605; 1419887329791047340; 10; 3; -0.164013; 0.129016; -0.138206
606; 1419887329796082741; 10; 3; -0.054099; 0.120357; -0.162916
607; 1419887329801087623; 10; 3; -0.019729; 0.133149; -0.069603
608; 1419887329806123024; 10; 3; 0.070702; 0.017284; 0.048750
609; 1419887329811158424; 10; 3; 0.135290; -0.000794; -0.005067
610; 1419887329816193825; 10; 3; 0.220573; 0.014328; -0.013587
611; 1419887329821229225; 10; 3; 0.279429; -0.068698; 0.026440
612; 1419887329826264625; 10; 3; 0.308735; -0.042563; 0.017913
613; 1419887329831300026; 10; 3; 0.317106; -0.091164; 0.073426
614; 1419887329836335426; 10; 3; 0.302405; -0.068799; 0.043893
615; 1419887329841370827; 10; 3; 0.371091; -0.044570; 0.058759
616; 1419887329846406227; 10; 3; 0.358465; -0.103474; 0.011424
617; 1419887329851441627; 10; 3; 0.304156; -0.140951; -0.019699
618; 1419887329856477028; 10; 3; -4.427038; -1.060007; -0.862885
619; 1419887329861512428; 10; 3; -4.742662; 2.741836; -3.845241
620; 1419887329866547829; 10; 3; 3.944911; 1.323469; 0.545096
621; 1419887329871583229; 10; 3; 0.672507; -0.663891; 1.455075
622; 1419887329876618629; 10; 3; 0.869116; -0.339327; 0.163678
623; 1419887329881654030; 10; 3; 2.210101; 0.469108; -0.438181
624; 1419887329886689430; 10; 3; 1.125097; 0.054171; -0.573527
625; 1419887329891724831; 10; 3; 0.720465; -0.308000; -0.079744
626; 1419887329896790748; 10; 3; 1.106437; -0.280602; 0.124886
627; 1419887329901795631; 10; 3; 1.093349; -0.104406; 0.122836
628; 1419887329906831032; 10; 3; -0.119211; 0.404046; 0.136163
629; 1419887329911866432; 10; 3; -0.346347; 0.396583; 0.128914
630; 1419887329916901832; 10; 3; -0.591861; 0.232736; 0.232319
631; 1419887329921937233; 10; 3; -0.495266; -0.020538; -0.006720
632; 1419887329926972633; 10; 3; -0.409712; -0.144122; -0.035723
633; 1419887329932008034; 10; 3; -0.216901; -0.285161; -0.083904
634; 1419887329937043434; 10; 3; -0.141086; -0.354212; -0.074547
635; 1419887329942109352; 10; 3; 0.073364; -0.360841; 0.162070
636; 1419887329947144752; 10; 3; 0.181082; -0.243583; 0.191078
637; 1419887329952149635; 10; 3; 0.330387; -0.190698; 0.179739
638; 1419887329957185036; 10; 3; 0.398621; -0.135824; 0.133362
639; 1419887329962220436; 10; 3; 0.456376; -0.099339; -0.083174
640; 1419887329967255836; 10; 3; 0.418926; -0.091870; -0.194037
641; 1419887329972291237; 10; 3; 0.271754; -0.038370; -0.364868
642; 1419887329977326637; 10; 3; 0.234361; 0.037552; -0.466489
643; 1419887329982362038; 10; 3; 0.173896; 0.085020; -0.568395
644; 1419887329987397438; 10; 3; 0.048752; 0.139886; -0.626882
645; 1419887329992432838; 10; 3; -0.103339; 0.203401; -0.493591
646; 1419887329997498756; 10; 3; -0.151017; 0.196002; -0.404171
647; 1419887330002503639; 10; 3; -0.234292; 0.263913; -0.178994
648; 1419887330007569557; 10; 3; -0.285923; 0.200135; -0.205390
649; 1419887330012574440; 10; 3; -0.305420; 0.221010; -0.035911
650; 1419887330017609840; 10; 3; -10.662151; 0.924161; -2.901795
651; 1419887330022645241; 10; 3; 2.479867; 2.449773; -2.236970
652; 1419887330027680641; 10; 3; 1.680932; 0.646590; 1.347293
653; 1419887330032746559; 10; 3; 0.197739; -0.613578; 0.734935
654; 1419887330037751442; 10; 3; 0.104559; -0.773547; 0.314806
655; 1419887330042817360; 10; 3; 1.718045; 0.089911; 0.119209
656; 1419887330047852760; 10; 3; 1.893780; 0.550510; -0.378664
657; 1419887330052888161; 10; 3; 0.228936; 0.472279; 0.046719
658; 1419887330057893043; 10; 3; -0.126498; 0.212814; 0.488134
659; 1419887330062989479; 10; 3; 0.273060; 0.233444; 0.483406
660; 1419887330067994362; 10; 3; 0.136630; 0.073876; 0.498907
661; 1419887330072999245; 10; 3; -0.056864; -0.092029; 0.262250
662; 1419887330078034645; 10; 3; -0.270176; -0.238982; -0.010453
663; 1419887330083070045; 10; 3; -0.242984; -0.160878; -0.152497
664; 1419887330088105446; 10; 3; -0.274180; -0.063227; -0.045887
665; 1419887330093171364; 10; 3; -0.183962; -0.054045; 0.185211
666; 1419887330098206764; 10; 3; -0.125183; 0.014058; 0.273440
667; 1419887330103211647; 10; 3; -0.043357; -0.018503; 0.335943
668; 1419887330108247047; 10; 3; 0.066261; -0.073408; 0.366084
669; 1419887330113282448; 10; 3; 0.184930; -0.079660; 0.253955
670; 1419887330118317848; 10; 3; 0.319172; -0.129045; 0.115363
671; 1419887330123353248; 10; 3; 0.351143; -0.084830; 0.012043
672; 1419887330128388649; 10; 3; 0.418373; -0.030255; -0.017056
673; 1419887330133424049; 10; 3; 0.383487; -0.032979; 0.002806
674; 1419887330138459450; 10; 3; 0.360976; 0.000951; 0.010944
675; 1419887330143494850; 10; 3; 0.354188; 0.048851; 0.050247
676; 1419887330148560768; 10; 3; 0.307098; 0.053593; 0.044751
677; 1419887330153565651; 10; 3; 0.250304; 0.000938; 0.055239
678; 1419887330158631569; 10; 3; 0.225156; 0.003813; -0.089305
679; 1419887330163636452; 10; 3; 0.151578; 0.015894; -0.138069
680; 1419887330168702370; 10; 3; 0.110302; -0.030478; -0.262444
681; 1419887330173707252; 10; 3; -4.043432; -1.199627; -0.750185
682; 1419887330178742653; 10; 3; -6.354994; 2.958749; -4.493642
683; 1419887330183778053; 10; 3; 3.746446; 1.549786; 0.072010
684; 1419887330188813454; 10; 3; 0.976732; -0.372059; 1.463705
685; 1419887330193848854; 10; 3; -0.558600; -0.959774; -0.119645
686; 1419887330198914772; 10; 3; 0.312279; -0.441484; -0.134992
687; 1419887330203919655; 10; 3; 2.287424; 0.407242; -0.871243
688; 1419887330208955055; 10; 3; 1.569413; 0.227584; -1.238512
689; 1419887330214020973; 10; 3; 0.873639; -0.244133; -0.584458
690; 1419887330219086891; 10; 3; 0.964634; -0.284442; -0.253246
691; 1419887330224122291; 10; 3; 1.161345; 0.021466; -0.256117
692; 1419887330229127174; 10; 3; 1.050696; 0.127202; -0.132009
693; 1419887330234162575; 10; 3; 0.572509; 0.126678; 0.113423
694; 1419887330239197975; 10; 3; -0.364415; 0.327604; 0.108544
695; 1419887330244263893; 10; 3; -0.378592; 0.063089; -0.022515
696; 1419887330249299293; 10; 3; -0.364771; -0.135800; -0.069770
697; 1419887330254304176; 10; 3; -0.356635; -0.341265; 0.007510
698; 1419887330259339577; 10; 3; -0.418713; -0.333268; 0.193264
699; 1419887330264374977; 10; 3; -0.377008; -0.277318; 0.281710
700; 1419887330269379860; 10; 3; -0.294951; -0.160708; 0.418471
701; 1419887330274415260; 10; 3; -0.329101; -0.140775; 0.434267
702; 1419887330279450661; 10; 3; -0.185699; -0.057290; 0.396482
703; 1419887330284486061; 10; 3; 0.009648; -0.050699; 0.230606
704; 1419887330289521461; 10; 3; 0.252562; -0.078038; 0.021086
705; 1419887330294556862; 10; 3; 0.396836; -0.074918; -0.273962
706; 1419887330299622780; 10; 3; 0.529394; -0.175367; -0.458905
707; 1419887330304627663; 10; 3; 0.695295; -0.169708; -0.686740
708; 1419887330309693581; 10; 3; 0.792998; -0.169545; -0.640638
709; 1419887330314728981; 10; 3; 0.775286; -0.190134; -0.713486
710; 1419887330319764381; 10; 3; 0.796498; -0.215976; -0.574769
711; 1419887330324799782; 10; 3; 0.681452; -0.193636; -0.461186
712; 1419887330329835182; 10; 3; 0.514146; -0.282509; -0.436655
713; 1419887330334840065; 10; 3; 0.419763; -0.291244; -0.231011
714; 1419887330339875465; 10; 3; 0.414153; -0.172552; -0.237625
715; 1419887330344910866; 10; 3; 0.343797; -0.147746; -0.161307
716; 1419887330349976784; 10; 3; 0.272195; -0.159653; -0.143587
717; 1419887330354981666; 10; 3; 0.152095; -0.052675; -0.041604
718; 1419887330360255222; 10; 3; 0.092448; -0.000574; -0.106112
719; 1419887330365260105; 10; 3; 0.006526; 0.060779; -0.020563
720; 1419887330370295506; 10; 3; -0.071150; 0.147896; 0.022487
721; 1419887330375361424; 10; 3; -0.096872; 0.104987; 0.006645
722; 1419887330380366306; 10; 3; -0.268457; 0.148510; -0.008531
723; 1419887330385432224; 10; 3; -0.365854; 0.087017; -0.077693
724; 1419887330390437107; 10; 3; -0.393302; 0.123938; -0.047564
725; 1419887330395533543; 10; 3; -0.469809; 0.072707; -0.174017
726; 1419887330400507908; 10; 3; -0.396457; 0.109419; -0.171742
727; 1419887330405543308; 10; 3; -0.373122; 0.055748; -0.196705
728; 1419887330410609226; 10; 3; -0.193124; 0.049703; -0.272664
729; 1419887330415614109; 10; 3; -0.107525; 0.004531; -0.328351
730; 1419887330420680027; 10; 3; 0.137210; -0.004711; -0.403257
731; 1419887330425684910; 10; 3; 0.233242; -0.043292; -0.505911
732; 1419887330430750828; 10; 3; 0.360499; -0.027849; -0.580667
733; 1419887330435755711; 10; 3; 0.429031; -0.059378; -0.451887
734; 1419887330440821629; 10; 3; 0.465777; -0.054520; -0.411219
735; 1419887330445826511; 10; 3; 0.511665; -0.056243; -0.236122
736; 1419887330450892429; 10; 3; 0.548015; -0.013558; -0.126258
737; 1419887330455958347; 10; 3; 0.482326; 0.003024; -0.040562
738; 1419887330460993748; 10; 3; 0.345622; 0.119181; 0.025098
739; 1419887330466029148; 10; 3; 0.171102; 0.115916; 0.027132
740; 1419887330471095066; 10; 3; 0.020596; 0.159459; -0.051644
741; 1419887330476252537; 10; 3; -0.140708; 0.147694; -0.001017
742; 1419887330481257420; 10; 3; -0.273525; 0.193972; -0.111711
743; 1419887330486292820; 10; 3; -0.431367; 0.197427; -0.199665
744; 1419887330491328220; 10; 3; -0.602647; 0.149905; -0.046432
745; 1419887330496363621; 10; 3; -0.611761; 0.175035; -0.052786
746; 1419887330501399021; 10; 3; -0.624540; 0.194145; -0.045953
747; 1419887330506434422; 10; 3; -0.523489; 0.248748; 0.059737
748; 1419887330511469822; 10; 3; -0.445267; 0.262715; 0.000361
749; 1419887330516505222; 10; 3; -0.267153; 0.252705; -0.051447
750; 1419887330521571140; 10; 3; -0.110030; 0.287702; -0.017340
751; 1419887330526576023; 10; 3; -0.011380; 0.221560; -0.115044
752; 1419887330531611424; 10; 3; 0.018622; 0.289812; -0.117564
753; 1419887330536646824; 10; 3; -0.021031; 0.339051; -0.138094
754; 1419887330541682224; 10; 3; -0.010406; 0.380061; -0.156497
755; 1419887330546717625; 10; 3; -0.066334; 0.385529; -0.143066
756; 1419887330552302342; 10; 3; -0.183763; 0.360352; 0.094489
757; 1419887330556818943; 10; 3; -0.180743; 0.361052; 0.092154
758; 1419887330561823826; 10; 3; -0.246731; 0.380859; 0.059960
759; 1419887330566889744; 10; 3; -0.292771; 0.336374; 0.137302
760; 1419887330571894627; 10; 3; -0.290349; 0.277576; 0.068583
761; 1419887330576930027; 10; 3; -0.307178; 0.323305; 0.180811
762; 1419887330581965427; 10; 3; -0.262315; 0.265429; 0.036457
763; 1419887330587000828; 10; 3; -0.237832; 0.240763; 0.079147
764; 1419887330592066746; 10; 3; -0.246847; 0.211177; 0.018736
765; 1419887330597071629; 10; 3; -0.242957; 0.268192; -0.030570
766; 1419887330602107029; 10; 3; -0.248708; 0.220384; -0.112790
767; 1419887330607142429; 10; 3; -0.205793; 0.174919; -0.121020
768; 1419887330612177830; 10; 3; -0.189043; 0.184134; -0.141029
769; 1419887330617213230; 10; 3; -0.171145; 0.225416; -0.156257
770; 1419887330622248631; 10; 3; -0.166501; 0.209657; -0.135909
771; 1419887330627284031; 10; 3; -0.141916; 0.222528; -0.163264
772; 1419887330632319431; 10; 3; -0.104612; 0.157059; -0.121821
773; 1419887330637354832; 10; 3; -0.050000; 0.191652; -0.074736
774; 1419887330642390232; 10; 3; 0.006480; 0.126580; -0.070829
775; 1419887330647425633; 10; 3; 0.079208; 0.078393; -0.010123
776; 1419887330652491551; 10; 3; 0.149286; 0.019653; 0.028997
777; 1419887330657496433; 10; 3; 0.165846; -0.004585; 0.047942
778; 1419887330662531834; 10; 3; 0.207361; -0.020564; 0.090778
779; 1419887330667567234; 10; 3; 0.202539; -0.017607; 0.114698
780; 1419887330672602635; 10; 3; 0.293114; 0.051754; 0.151858
781; 1419887330677638035; 10; 3; 0.354323; -0.027700; 0.189235
782; 1419887330682673435; 10; 3; 0.360184; 0.011552; 0.165156
783; 1419887330687739353; 10; 3; 0.411920; -0.036306; 0.293698
784; 1419887330692744236; 10; 3; 0.328884; -0.095136; 0.181392
785; 1419887330697779636; 10; 3; 0.345304; -0.072262; 0.226728
786; 1419887330703425388; 10; 3; 0.183110; -0.108160; 0.238365
787; 1419887330707850437; 10; 3; 0.031345; 0.052139; 0.072806
788; 1419887330712885838; 10; 3; -0.072234; 0.127452; 0.038813
789; 1419887330717921238; 10; 3; -0.129573; 0.086170; 0.013242
790; 1419887330722956638; 10; 3; -0.188515; 0.138885; 0.055348
791; 1419887330727992039; 10; 3; -0.227710; 0.159480; 0.123454
792; 1419887330733027439; 10; 3; -1.740220; -0.188328; -3.433726
793; 1419887330738062840; 10; 3; -0.740654; 0.884294; -3.832962
794; 1419887330743098240; 10; 3; -0.527986; 0.926332; -1.013689
795; 1419887330748133640; 10; 3; -1.026320; 0.517661; -0.489718
796; 1419887330753169041; 10; 3; -0.824453; 0.143507; -0.387787
797; 1419887330758234959; 10; 3; 0.127810; 0.119413; 0.173963
798; 1419887330763148289; 10; 3; 1.083122; 0.074513; 0.738961
799; 1419887330768122654; 10; 3; 1.636543; -0.249812; 0.592484
800; 1419887330773158054; 10; 3; 1.593809; -0.438154; 0.757145
801; 1419887330778193455; 10; 3; 0.940958; -0.480987; 0.414531
802; 1419887330783259373; 10; 3; 0.311772; -0.150216; 0.098672
803; 1419887330788264256; 10; 3; -0.115046; 0.063219; 0.042940
804; 1419887330793299656; 10; 3; -0.068939; 0.220375; -0.081467
805; 1419887330798335056; 10; 3; -0.160288; 0.317026; -0.214553
806; 1419887330803339939; 10; 3; -0.340273; 0.326215; -0.334197
