# Device Information:
# Manufacturer:LGE
# Model: Nexus 4
# API-level: 21
# LGE Accelerometer Sensor:
#     Resolution: 0.0011901855
#     Minimal Delay: 5000
#     Sensor Type: 1
# LGE Magnetometer Sensor:
#     Resolution: 0.14953613
#     Minimal Delay: 20000
#     Sensor Type: 2
# Orientation:
#     Resolution: 0.1
#     Minimal Delay: 5000
#     Sensor Type: 3
# LGE Proximity Sensor:
#     Resolution: 0.10070801
#     Minimal Delay: 50000
#     Sensor Type: 8
# LGE Light Sensor:
#     Resolution: 0.009994507
#     Minimal Delay: 50000
#     Sensor Type: 5
# LGE Gyroscope Sensor:
#     Resolution: 0.0010681152
#     Minimal Delay: 5000
#     Sensor Type: 4
# LGE Barometer Sensor:
#     Resolution: 0.009994507
#     Minimal Delay: 33333
#     Sensor Type: 6
# LGE Magnetometer Sensor:
#     Resolution: 0.14953613
#     Minimal Delay: 20000
#     Sensor Type: 14
# LGE Gyroscope Sensor:
#     Resolution: 0.0010681152
#     Minimal Delay: 5000
#     Sensor Type: 16
# Gravity:
#     Resolution: 0.0011901855
#     Minimal Delay: 5000
#     Sensor Type: 9
# Linear Acceleration:
#     Resolution: 0.0011901855
#     Minimal Delay: 5000
#     Sensor Type: 10
# Rotation Vector:
#     Resolution: 5.9604645E-8
#     Minimal Delay: 5000
#     Sensor Type: 11
# Significant Motion:
#     Resolution: 1.0
#     Minimal Delay: -1
#     Sensor Type: 17
# Game Rotation Vector:
#     Resolution: 5.9604645E-8
#     Minimal Delay: 5000
#     Sensor Type: 15
# sample; timestamp; type; accuracy; data1; ...; dataN
#------------------------------------------------------------------
0; 1417730363115083189; 5; 3; 2.000000; 0.000000; 0.000000
1; 1417730365512388225; 1; 0; 0.307266; -0.160034; 10.277527
2; 1417730365542387005; 2; 3; 3.659058; 15.058899; -19.738770
3; 1417730365562559124; 2; 3; 4.258728; 14.999390; -18.719482
4; 1417730365563596722; 5; 3; 2.000000; 0.000000; 0.000000
5; 1417730365582822796; 2; 3; 4.499817; 14.939880; -18.479919
6; 1417730365602231975; 2; 3; 4.199219; 14.698792; -18.899536
7; 1417730365623044964; 2; 3; 4.258728; 15.119934; -18.539429
8; 1417730365623044964; 14; 3; 2.371216; 22.612000; -11.195374; -1.739502; 5.758667; 7.258606
9; 1417730365625089641; 6; 3; 950.777466; 0.000000; 0.000000
10; 1417730365643125530; 2; 3; 4.139709; 15.419006; -19.018555
11; 1417730365643125530; 14; 3; 2.709961; 21.937561; -12.184143; -1.739502; 5.758667; 7.258606
12; 1417730365656675335; 6; 3; 950.877380; 0.000000; 0.000000
13; 1417730365663297649; 2; 3; 4.139709; 15.419006; -18.719482
14; 1417730365663297649; 14; 3; 2.540588; 20.756531; -11.032104; -1.739502; 5.758667; 7.258606
15; 1417730365683469768; 2; 3; 4.139709; 15.299988; -18.899536
16; 1417730365683469768; 14; 3; 2.201843; 21.768188; -12.019348; -1.739502; 5.758667; 7.258606
17; 1417730365688932415; 6; 3; 950.817383; 0.000000; 0.000000
18; 1417730365703580852; 2; 3; 4.258728; 15.359497; -18.659973
19; 1417730365703580852; 14; 3; 2.879333; 21.430969; -10.702515; -1.739502; 5.758667; 7.258606
20; 1417730365715909954; 8; 3; 5.000305; 15.359497; 0.000000
21; 1417730365723722454; 2; 3; 4.258728; 15.359497; -18.659973
22; 1417730365723722454; 14; 3; 3.555298; 20.756531; -10.702515; -1.739502; 5.758667; 7.258606
23; 1417730365725767132; 6; 3; 950.877380; 0.000000; 0.000000
24; 1417730365743864055; 2; 3; 4.199219; 15.299988; -18.659973
25; 1417730365743864055; 14; 3; 2.032471; 20.249939; -11.854553; -1.739502; 5.758667; 7.258606
26; 1417730365757352825; 6; 3; 950.787415; 0.000000; 0.000000
27; 1417730365763975139; 2; 3; 4.319763; 15.419006; -18.598938
28; 1417730365763975139; 14; 3; 3.387451; 20.587158; -10.867310; -1.739502; 5.758667; 7.258606
29; 1417730365779294964; 1; 0; 0.325119; -0.202881; 10.329895
30; 1417730365784147259; 2; 3; 4.499817; 15.359497; -18.659973
31; 1417730365784147259; 14; 3; 3.555298; 22.444153; -12.019348; -1.739502; 5.758667; 7.258606
32; 1417730365786130901; 1; 0; 0.304886; -0.180267; 10.364410
33; 1417730365789335247; 1; 0; 0.276321; -0.237396; 10.333466
34; 1417730365792905804; 6; 3; 950.847412; 0.000000; 0.000000
35; 1417730365794828411; 1; 0; 0.273941; -0.133850; 10.359650
36; 1417730365799406048; 1; 0; 0.340591; -0.173126; 10.378693
37; 1417730365804533001; 1; 0; 0.308456; -0.200500; 10.354889
38; 1417730365806760784; 2; 3; 4.499817; 15.238953; -18.479919
39; 1417730365806760784; 14; 3; 3.218079; 20.756531; -10.702515; -1.739502; 5.758667; 7.258606
40; 1417730365809476848; 1; 0; 0.292984; -0.174316; 10.290619
41; 1417730365814542766; 1; 0; 0.263229; -0.171936; 10.337036
42; 1417730365820249554; 1; 0; 0.256088; -0.169556; 10.314423
43; 1417730365824613567; 1; 0; 0.252518; -0.162415; 10.320374
44; 1417730365826932903; 2; 3; 4.499817; 15.179443; -18.479919
45; 1417730365826932903; 14; 3; 2.540588; 20.419312; -10.702515; -1.739502; 5.758667; 7.258606
46; 1417730365827024456; 6; 3; 950.787415; 0.000000; 0.000000
47; 1417730365829648968; 1; 0; 0.312027; -0.158844; 10.344177
48; 1417730365834653850; 1; 0; 0.300125; -0.130280; 10.339417
49; 1417730365839323040; 1; 0; 0.281082; -0.176697; 10.312042
50; 1417730365840055462; 4; 0; 0.004196; 0.008286; -0.002518
51; 1417730365840055462; 9; 3; 0.304898; -0.190396; 9.800060
52; 1417730365840055462; 10; 3; -0.040258; 0.023967; -0.016496
53; 1417730365840055462; 15; 3; -0.009707; -0.015550; 0.000151; 0.999832
54; 1417730365844816204; 1; 0; 0.231094; -0.189789; 10.427490
55; 1417730365845548626; 4; 0; 0.004196; 0.007217; -0.000381
56; 1417730365845548626; 9; 3; 0.298198; -0.189321; 9.800287
57; 1417730365845548626; 10; 3; -0.083392; 0.009874; 0.091867
58; 1417730365845548626; 15; 3; -0.009652; -0.015208; 0.000153; 0.999838
59; 1417730365848539348; 1; 0; 0.294174; -0.164795; 10.309662
60; 1417730365849271770; 4; 0; 0.006332; 0.008286; -0.002518
61; 1417730365849271770; 9; 3; 0.296703; -0.186969; 9.800378
62; 1417730365849271770; 10; 3; -0.018681; 0.032353; -0.024242
63; 1417730365852506634; 2; 3; 4.499817; 15.119934; -18.359375
64; 1417730365852506634; 14; 3; 2.201843; 21.093750; -11.032104; -1.739502; 5.758667; 7.258606
65; 1417730365849271770; 15; 3; -0.009532; -0.015132; 0.000152; 0.999840
66; 1417730365854795452; 1; 0; 0.296555; -0.155273; 10.313232
67; 1417730365855527874; 4; 0; 0.004196; 0.007217; -0.002518
68; 1417730365855527874; 9; 3; 0.295333; -0.184205; 9.800471
69; 1417730365855527874; 10; 3; -0.014815; 0.038934; -0.019401
70; 1417730365855527874; 15; 3; -0.009391; -0.015062; 0.000151; 0.999842
71; 1417730365859800335; 1; 0; 0.272751; -0.198120; 10.270386
72; 1417730365860532757; 4; 0; 0.004196; 0.005081; -0.002518
73; 1417730365860532757; 9; 3; 0.293002; -0.184292; 9.800539
74; 1417730365860532757; 10; 3; -0.036050; -0.003891; -0.058599
75; 1417730365863340374; 6; 3; 950.787415; 0.000000; 0.000000
76; 1417730365860532757; 15; 3; -0.009395; -0.014943; 0.000152; 0.999844
77; 1417730365865232464; 1; 0; 0.329880; -0.205261; 10.337036
78; 1417730365865995403; 4; 0; 0.004196; 0.006149; -0.002518
79; 1417730365865995403; 9; 3; 0.293818; -0.184649; 9.800508
80; 1417730365865995403; 10; 3; 0.020205; -0.010647; 0.007591
81; 1417730365869321819; 2; 3; 4.618835; 15.119934; -18.598938
82; 1417730365869321819; 14; 3; 3.894043; 21.430969; -12.678528; -1.739502; 5.758667; 7.258606
83; 1417730365865995403; 15; 3; -0.009414; -0.014984; 0.000152; 0.999843
84; 1417730365871244427; 1; 0; 0.273941; -0.198120; 10.200165
85; 1417730365871976848; 4; 0; 0.005264; 0.004013; -0.003586
86; 1417730365871976848; 9; 3; 0.291948; -0.184679; 9.800564
87; 1417730365871976848; 10; 3; -0.033559; -0.003603; -0.122490
88; 1417730365871976848; 15; 3; -0.009415; -0.014889; 0.000153; 0.999845
89; 1417730365874967571; 1; 0; 0.278702; -0.175507; 10.334656
90; 1417730365875730511; 4; 0; 0.005264; 0.006149; -0.000381
91; 1417730365875730511; 9; 3; 0.290389; -0.183581; 9.800631
92; 1417730365875730511; 10; 3; -0.027173; 0.017864; 0.011392
93; 1417730365875730511; 15; 3; -0.009359; -0.014809; 0.000153; 0.999847
94; 1417730365879972454; 1; 0; 0.289413; -0.176697; 10.309662
95; 1417730365880704876; 4; 0; 0.004196; 0.005081; -0.001450
96; 1417730365880704876; 9; 3; 0.289404; -0.182618; 9.800677
97; 1417730365880704876; 10; 3; -0.015404; 0.015647; -0.012967
98; 1417730365880704876; 15; 3; -0.009310; -0.014759; 0.000153; 0.999848
99; 1417730365885038372; 1; 0; 0.329880; -0.132660; 10.320374
100; 1417730365885892864; 4; 0; 0.004196; 0.008286; -0.002518
101; 1417730365885892864; 9; 3; 0.290167; -0.179838; 9.800707
102; 1417730365885892864; 10; 3; 0.024263; 0.056753; -0.002167
103; 1417730365888761516; 2; 3; 4.499817; 15.179443; -18.598938
104; 1417730365888761516; 14; 3; 2.540588; 21.430969; -11.032104; -1.739502; 5.758667; 7.258606
105; 1417730365885892864; 15; 3; -0.009168; -0.014798; 0.000150; 0.999848
106; 1417730365891355511; 1; 0; 0.285843; -0.177887; 10.288239
107; 1417730365892087932; 4; 0; 0.004196; 0.005081; -0.000381
108; 1417730365892087932; 9; 3; 0.289007; -0.179142; 9.800754
109; 1417730365892087932; 10; 3; -0.018507; 0.010766; -0.032827
110; 1417730365892087932; 15; 3; -0.009133; -0.014739; 0.000150; 0.999850
111; 1417730365895109173; 1; 0; 0.270370; -0.211212; 10.341797
112; 1417730365895841595; 4; 0; 0.004196; 0.006149; -0.001450
113; 1417730365898283001; 6; 3; 950.877380; 0.000000; 0.000000
114; 1417730365895841595; 9; 3; 0.287441; -0.179871; 9.800787
115; 1417730365895841595; 10; 3; -0.032356; -0.021776; 0.019858
116; 1417730365895841595; 15; 3; -0.009170; -0.014659; 0.000152; 0.999851
117; 1417730365900205608; 1; 0; 0.291794; -0.188599; 10.239441
118; 1417730365900968548; 4; 0; 0.004196; 0.006149; 0.000687
119; 1417730365900968548; 9; 3; 0.286822; -0.179694; 9.800808
120; 1417730365900968548; 10; 3; -0.010183; 0.000590; -0.079211
121; 1417730365900968548; 15; 3; -0.009161; -0.014627; 0.000152; 0.999851
122; 1417730365905179973; 1; 0; 0.289413; -0.165985; 10.312042
123; 1417730365906003948; 4; 0; 0.005264; 0.007217; -0.002518
124; 1417730365906003948; 9; 3; 0.286054; -0.178626; 9.800850
125; 1417730365906003948; 10; 3; -0.011747; 0.022074; -0.006370
126; 1417730365908842083; 2; 3; 4.438782; 15.299988; -18.418884
127; 1417730365908842083; 14; 3; 1.354980; 21.263123; -10.537720; -1.739502; 5.758667; 7.258606
128; 1417730365906003948; 15; 3; -0.009107; -0.014588; 0.000152; 0.999852
129; 1417730365910825725; 1; 0; 0.290604; -0.177887; 10.241821
130; 1417730365911558147; 4; 0; 0.005264; 0.008286; -0.001450
131; 1417730365911558147; 9; 3; 0.285358; -0.178038; 9.800880
132; 1417730365911558147; 10; 3; -0.009740; 0.009501; -0.073771
133; 1417730365911558147; 15; 3; -0.009077; -0.014553; 0.000151; 0.999853
134; 1417730365915220257; 1; 0; 0.288223; -0.188599; 10.287048
135; 1417730365915952679; 4; 0; 0.005264; 0.004013; -0.003586
136; 1417730365915952679; 9; 3; 0.284721; -0.177875; 9.800902
137; 1417730365915952679; 10; 3; -0.011421; -0.001400; -0.027537
138; 1417730365915952679; 15; 3; -0.009068; -0.014520; 0.000152; 0.999853
139; 1417730365921110149; 1; 0; 0.298935; -0.149323; 10.395355
140; 1417730365921842571; 4; 0; 0.004196; 0.006149; -0.000381
141; 1417730365921842571; 9; 3; 0.284341; -0.176320; 9.800941
142; 1417730365921842571; 10; 3; -0.000389; 0.036289; 0.077971
143; 1417730365921842571; 15; 3; -0.008989; -0.014501; 0.000151; 0.999854
144; 1417730365925718304; 1; 0; 0.292984; -0.195740; 10.277527
145; 1417730365926450725; 4; 0; 0.006332; 0.007217; -0.002518
146; 1417730365926450725; 9; 3; 0.283886; -0.176432; 9.800952
147; 1417730365926450725; 10; 3; -0.005822; -0.010035; -0.038543
148; 1417730365926450725; 15; 3; -0.008995; -0.014478; 0.000151; 0.999855
149; 1417730365929380413; 2; 3; 4.499817; 15.419006; -18.479919
150; 1417730365929380413; 14; 3; 3.894043; 21.430969; -11.032104; -1.739502; 5.758667; 7.258606
151; 1417730365929533001; 6; 3; 950.847412; 0.000000; 0.000000
152; 1417730365932096477; 1; 0; 0.307266; -0.223114; 10.325134
153; 1417730365932828899; 4; 0; 0.005264; 0.006149; -0.003586
154; 1417730365932828899; 9; 3; 0.283735; -0.177217; 9.800942
155; 1417730365932828899; 10; 3; 0.008609; -0.036577; 0.008753
156; 1417730365932828899; 15; 3; -0.009035; -0.014470; 0.000152; 0.999855
157; 1417730365936002727; 1; 0; 0.306076; -0.179077; 10.307281
158; 1417730365936735149; 4; 0; 0.005264; 0.006149; -0.003586
159; 1417730365936735149; 9; 3; 0.283738; -0.176801; 9.800950
160; 1417730365936735149; 10; 3; 0.007425; 0.007017; -0.008826
161; 1417730365936735149; 15; 3; -0.009013; -0.014470; 0.000151; 0.999855
162; 1417730365940366741; 1; 0; 0.290604; -0.163605; 10.333466
163; 1417730365941099163; 4; 0; 0.006332; 0.007217; -0.003586
164; 1417730365941099163; 9; 3; 0.283218; -0.175900; 9.800982
165; 1417730365941099163; 10; 3; -0.007515; 0.021550; 0.016819
166; 1417730365941099163; 15; 3; -0.008968; -0.014444; 0.000151; 0.999855
167; 1417730365945463177; 1; 0; 0.309647; -0.175507; 10.340607
168; 1417730365946195598; 4; 0; 0.004196; 0.007217; 0.000687
169; 1417730365946195598; 9; 3; 0.283172; -0.175361; 9.800993
170; 1417730365946195598; 10; 3; 0.011556; 0.009094; 0.023240
171; 1417730365946195598; 15; 3; -0.008940; -0.014441; 0.000151; 0.999856
172; 1417730365949308391; 1; 0; 0.271561; -0.214783; 10.335846
173; 1417730365950040813; 4; 0; 0.004196; 0.010422; -0.001450
174; 1417730365950040813; 9; 3; 0.282115; -0.176018; 9.801011
175; 1417730365950040813; 10; 3; -0.025432; -0.029482; 0.017939
176; 1417730365950040813; 15; 3; -0.008974; -0.014387; 0.000152; 0.999856
177; 1417730365953275677; 2; 3; 4.258728; 15.359497; -18.299866
178; 1417730365953275677; 14; 3; 1.693726; 21.937561; -10.867310; -1.739502; 5.758667; 7.258606
179; 1417730365955503460; 1; 0; 0.314407; -0.163605; 10.320374
180; 1417730365956235882; 4; 0; 0.004196; 0.008286; -0.000381
181; 1417730365956235882; 9; 3; 0.282021; -0.175195; 9.801028
182; 1417730365956235882; 10; 3; 0.017511; 0.020831; 0.002377
183; 1417730365956235882; 15; 3; -0.008932; -0.014382; 0.000148; 0.999857
184; 1417730365960508343; 1; 0; 0.284653; -0.221924; 10.327515
185; 1417730365961240764; 4; 0; 0.004196; 0.009354; -0.002518
186; 1417730365961240764; 9; 3; 0.281280; -0.175950; 9.801036
187; 1417730365961240764; 10; 3; -0.011471; -0.036688; 0.009244
188; 1417730365961240764; 15; 3; -0.008970; -0.014345; 0.000149; 0.999857
189; 1417730365964048382; 6; 3; 950.817383; 0.000000; 0.000000
190; 1417730365965970989; 1; 0; 0.292984; -0.188599; 10.282288
191; 1417730365966764446; 4; 0; 0.004196; 0.010422; -0.001450
192; 1417730365966764446; 9; 3; 0.280708; -0.175826; 9.801055
193; 1417730365966764446; 10; 3; -0.002510; -0.003510; -0.035056
194; 1417730365966764446; 15; 3; -0.008964; -0.014315; 0.000149; 0.999857
195; 1417730365969755169; 2; 3; 4.258728; 15.238953; -18.359375
196; 1417730365969755169; 14; 3; 3.048706; 20.249939; -11.195374; -1.739502; 5.758667; 7.258606
197; 1417730365973264690; 1; 0; 0.291794; -0.157654; 10.283478
198; 1417730365973997112; 4; 0; 0.004196; 0.007217; -0.001450
199; 1417730365973997112; 9; 3; 0.280034; -0.174880; 9.801091
200; 1417730365973997112; 10; 3; -0.002966; 0.026423; -0.033021
201; 1417730365973997112; 15; 3; -0.008916; -0.014281; 0.000144; 0.999858
202; 1417730365976926800; 1; 0; 0.291794; -0.157654; 10.283478
203; 1417730365977689739; 4; 0; 0.004196; 0.008286; -0.001450
204; 1417730365977689739; 9; 3; 0.279714; -0.174117; 9.801114
205; 1417730365977689739; 10; 3; -0.002605; 0.025605; -0.032207
206; 1417730365977689739; 15; 3; -0.008877; -0.014265; 0.000143; 0.999859
207; 1417730365981077190; 1; 0; 0.317978; -0.186218; 10.352509
208; 1417730365981809612; 4; 0; 0.004196; 0.008286; -0.001450
209; 1417730365981809612; 9; 3; 0.279910; -0.174004; 9.801110
210; 1417730365981809612; 10; 3; 0.023346; -0.003063; 0.035913
211; 1417730365981809612; 15; 3; -0.008871; -0.014275; 0.000143; 0.999859
212; 1417730365985715862; 1; 0; 0.283463; -0.129089; 10.340607
213; 1417730365986448284; 4; 0; 0.003128; 0.007217; -0.000381
214; 1417730365986448284; 9; 3; 0.279299; -0.172608; 9.801152
215; 1417730365986448284; 10; 3; -0.010542; 0.052606; 0.023426
216; 1417730365986448284; 15; 3; -0.008800; -0.014244; 0.000142; 0.999860
217; 1417730365990140911; 2; 3; 4.379272; 15.179443; -18.238831
218; 1417730365990140911; 14; 3; 3.555298; 19.743347; -10.043335; -1.739502; 5.758667; 7.258606
219; 1417730365992033001; 1; 0; 0.287033; -0.180267; 10.317993
220; 1417730365992795940; 4; 0; 0.005264; 0.002945; -0.003586
221; 1417730365992795940; 9; 3; 0.278838; -0.172318; 9.801170
222; 1417730365992795940; 10; 3; -0.006486; 0.001123; 0.000780
223; 1417730365992795940; 15; 3; -0.008785; -0.014220; 0.000142; 0.999860
224; 1417730365995878216; 1; 0; 0.312027; -0.217163; 10.279907
225; 1417730365996610638; 4; 0; 0.005264; 0.002945; -0.003586
226; 1417730365999052044; 6; 3; 950.877380; 0.000000; 0.000000
227; 1417730365996610638; 9; 3; 0.279155; -0.172908; 9.801151
228; 1417730365996610638; 10; 3; 0.018198; -0.035166; -0.036465
229; 1417730365996610638; 15; 3; -0.008815; -0.014236; 0.000143; 0.999860
230; 1417730366000974651; 1; 0; 0.328690; -0.213593; 10.342987
231; 1417730366001707073; 4; 0; 0.004196; 0.009354; -0.001450
232; 1417730366001707073; 9; 3; 0.279576; -0.173330; 9.801132
233; 1417730366001707073; 10; 3; 0.034400; -0.031140; 0.026011
234; 1417730366001707073; 15; 3; -0.008837; -0.014258; 0.000143; 0.999859
235; 1417730366005857464; 1; 0; 0.284653; -0.186218; 10.310852
236; 1417730366006589886; 4; 0; 0.005264; 0.005081; -0.002518
237; 1417730366006589886; 9; 3; 0.279044; -0.173186; 9.801149
238; 1417730366006589886; 10; 3; -0.009074; -0.003920; -0.006005
239; 1417730366009458538; 2; 3; 4.559326; 15.179443; -18.418884
240; 1417730366009458538; 14; 3; 3.894043; 21.093750; -12.019348; -1.739502; 5.758667; 7.258606
241; 1417730366006589886; 15; 3; -0.008829; -0.014231; 0.000143; 0.999860
242; 1417730366011442180; 1; 0; 0.279892; -0.202881; 10.307281
243; 1417730366012174602; 4; 0; 0.004196; 0.007217; -0.001450
244; 1417730366012174602; 9; 3; 0.278442; -0.173349; 9.801164
245; 1417730366012174602; 10; 3; -0.013195; -0.020415; -0.009387
246; 1417730366012174602; 15; 3; -0.008838; -0.014200; 0.000143; 0.999860
247; 1417730366015958782; 1; 0; 0.291794; -0.179077; 10.298950
248; 1417730366016691204; 4; 0; 0.004196; 0.009354; -0.002518
249; 1417730366016691204; 9; 3; 0.278069; -0.173104; 9.801179
250; 1417730366016691204; 10; 3; -0.000890; 0.003125; -0.017364
251; 1417730366016691204; 15; 3; -0.008825; -0.014181; 0.000143; 0.999860
252; 1417730366021421429; 1; 0; 0.296555; -0.157654; 10.284668
253; 1417730366022245403; 4; 0; 0.007401; 0.006149; -0.000381
254; 1417730366022245403; 9; 3; 0.277750; -0.172327; 9.801201
255; 1417730366022245403; 10; 3; 0.004225; 0.023719; -0.031018
256; 1417730366022245403; 15; 3; -0.008785; -0.014165; 0.000143; 0.999861
257; 1417730366026090618; 1; 0; 0.282272; -0.142181; 10.342987
258; 1417730366026884075; 4; 0; 0.005264; 0.010422; -0.002518
259; 1417730366026884075; 9; 3; 0.277177; -0.171290; 9.801236
260; 1417730366026884075; 10; 3; -0.009469; 0.038109; 0.026738
261; 1417730366029905315; 6; 3; 950.847412; 0.000000; 0.000000
262; 1417730366029813763; 2; 3; 4.319763; 15.179443; -18.238831
263; 1417730366029813763; 14; 3; 1.863098; 21.430969; -11.360168; -1.739502; 5.758667; 7.258606
264; 1417730366026884075; 15; 3; -0.008733; -0.014135; 0.000142; 0.999862
265; 1417730366032529827; 1; 0; 0.285843; -0.189789; 10.289429
266; 1417730366033262249; 4; 0; 0.004196; 0.005081; -0.004654
267; 1417730366033262249; 9; 3; 0.276609; -0.171179; 9.801253
268; 1417730366033262249; 10; 3; -0.005286; -0.009624; -0.026314
269; 1417730366036466595; 1; 0; 0.285843; -0.189789; 10.289429
270; 1417730366037199016; 4; 0; 0.005264; 0.006149; -0.001450
271; 1417730366033262249; 15; 3; -0.008727; -0.014106; 0.000131; 0.999862
272; 1417730366037199016; 9; 3; 0.276316; -0.171181; 9.801262
273; 1417730366037199016; 10; 3; -0.004963; -0.009631; -0.025817
274; 1417730366041135784; 1; 0; 0.295364; -0.157654; 10.287048
275; 1417730366041868206; 4; 0; 0.005264; 0.006149; -0.001450
276; 1417730366037199016; 15; 3; -0.008727; -0.014091; 0.000131; 0.999863
277; 1417730366041868206; 9; 3; 0.276137; -0.170548; 9.801278
278; 1417730366041868206; 10; 3; 0.004762; 0.021829; -0.027678
279; 1417730366041868206; 15; 3; -0.008695; -0.014082; 0.000131; 0.999863
280; 1417730366046171184; 1; 0; 0.304886; -0.198120; 10.284668
281; 1417730366046903606; 4; 0; 0.004196; 0.006149; -0.001450
282; 1417730366046903606; 9; 3; 0.276106; -0.170654; 9.801277
283; 1417730366046903606; 10; 3; 0.014331; -0.018535; -0.029514
284; 1417730366046903606; 15; 3; -0.008700; -0.014081; 0.000131; 0.999863
285; 1417730366049924847; 1; 0; 0.273941; -0.208832; 10.404877
286; 1417730366050657268; 4; 0; 0.006332; 0.006149; -0.003586
287; 1417730366050657268; 9; 3; 0.275555; -0.170940; 9.801288
288; 1417730366050657268; 10; 3; -0.016080; -0.028918; 0.089035
289; 1417730366053892132; 2; 3; 4.258728; 15.119934; -18.299866
290; 1417730366053892132; 14; 3; 1.693726; 20.924377; -11.524963; -1.739502; 5.758667; 7.258606
291; 1417730366050657268; 15; 3; -0.008715; -0.014052; 0.000132; 0.999863
292; 1417730366056303020; 1; 0; 0.256088; -0.162415; 10.328705
293; 1417730366057035442; 4; 0; 0.005264; 0.007217; -0.003586
294; 1417730366057035442; 9; 3; 0.274567; -0.170277; 9.801327
295; 1417730366057035442; 10; 3; -0.032899; 0.016805; 0.012615
296; 1417730366061307903; 1; 0; 0.317978; -0.182648; 10.326324
297; 1417730366057035442; 15; 3; -0.008681; -0.014002; 0.000132; 0.999864
298; 1417730366062040325; 4; 0; 0.004196; 0.007217; -0.001450
299; 1417730366064939495; 6; 3; 950.907349; 0.000000; 0.000000
300; 1417730366062040325; 9; 3; 0.274699; -0.170100; 9.801326
301; 1417730366062040325; 10; 3; 0.028846; -0.003611; 0.010041
302; 1417730366062040325; 15; 3; -0.008672; -0.014009; 0.000131; 0.999864
303; 1417730366066862102; 1; 0; 0.288223; -0.148132; 10.339417
304; 1417730366067594524; 4; 0; 0.004196; 0.005081; -0.000381
305; 1417730366067594524; 9; 3; 0.274346; -0.169361; 9.801349
306; 1417730366067594524; 10; 3; -0.000548; 0.030134; 0.022720
307; 1417730366070615764; 2; 3; 4.438782; 15.119934; -18.238831
308; 1417730366070615764; 14; 3; 3.218079; 21.430969; -10.372925; -1.739502; 5.758667; 7.258606
309; 1417730366067594524; 15; 3; -0.008634; -0.013991; 0.000131; 0.999865
310; 1417730366072507854; 1; 0; 0.346542; -0.135040; 10.337036
311; 1417730366073240276; 4; 0; 0.004196; 0.006149; -0.000381
312; 1417730366073240276; 9; 3; 0.274962; -0.168430; 9.801348
313; 1417730366073240276; 10; 3; 0.057114; 0.042252; 0.019982
314; 1417730366073240276; 15; 3; -0.008587; -0.014022; 0.000130; 0.999865
315; 1417730366076444622; 1; 0; 0.346542; -0.135040; 10.337036
316; 1417730366077177044; 4; 0; 0.004196; 0.006149; -0.000381
317; 1417730366077177044; 9; 3; 0.275623; -0.167596; 9.801343
318; 1417730366077177044; 10; 3; 0.056407; 0.041380; 0.019640
319; 1417730366077177044; 15; 3; -0.008544; -0.014056; 0.000129; 0.999865
320; 1417730366081418987; 1; 0; 0.275131; -0.157654; 10.317993
321; 1417730366082151409; 4; 0; 0.004196; 0.007217; -0.003586
322; 1417730366082151409; 9; 3; 0.275071; -0.167100; 9.801367
323; 1417730366082151409; 10; 3; -0.014423; 0.018244; 0.000574
324; 1417730366086454388; 1; 0; 0.310837; -0.198120; 10.346558
325; 1417730366087186809; 4; 0; 0.003128; 0.004013; -0.002518
326; 1417730366082151409; 15; 3; -0.008519; -0.014028; 0.000129; 0.999865
327; 1417730366087186809; 9; 3; 0.275114; -0.167251; 9.801363
328; 1417730366087186809; 10; 3; 0.021224; -0.022055; 0.028657
329; 1417730366092649456; 1; 0; 0.298935; -0.199310; 10.310852
330; 1417730366090085979; 2; 3; 4.438782; 15.058899; -18.179321
331; 1417730366090085979; 14; 3; 3.724670; 20.924377; -10.208130; -1.739502; 5.758667; 7.258606
332; 1417730366093381878; 4; 0; 0.004196; 0.007217; -0.002518
333; 1417730366087186809; 15; 3; -0.008527; -0.014030; 0.000129; 0.999865
334; 1417730366095487591; 6; 3; 950.847412; 0.000000; 0.000000
335; 1417730366093381878; 9; 3; 0.274924; -0.167380; 9.801367
336; 1417730366093381878; 10; 3; 0.009525; -0.023111; -0.006950
337; 1417730366097349163; 1; 0; 0.302505; -0.231445; 10.375122
338; 1417730366098081585; 4; 0; 0.006332; 0.002945; -0.000381
339; 1417730366093381878; 15; 3; -0.008533; -0.014020; 0.000129; 0.999865
340; 1417730366101499554; 1; 0; 0.302505; -0.231445; 10.375122
341; 1417730366102231975; 4; 0; 0.004196; 0.010422; 0.000687
342; 1417730366098081585; 9; 3; 0.274865; -0.167944; 9.801359
343; 1417730366098081585; 10; 3; 0.013132; -0.054636; 0.056413
344; 1417730366098081585; 15; 3; -0.008562; -0.014017; 0.000130; 0.999865
345; 1417730366106595989; 1; 0; 0.338211; -0.152893; 10.317993
346; 1417730366107328411; 4; 0; 0.003128; 0.006149; -0.001450
347; 1417730366102231975; 9; 3; 0.274765; -0.168518; 9.801352
348; 1417730366102231975; 10; 3; 0.013212; -0.054018; 0.055533
349; 1417730366112302776; 1; 0; 0.313217; -0.169556; 10.350128
350; 1417730366113035198; 4; 0; 0.004196; 0.005081; -0.002518
351; 1417730366110288616; 2; 3; 4.559326; 14.878845; -18.119812
352; 1417730366110288616; 14; 3; 2.709961; 20.587158; -10.537720; -1.739502; 5.758667; 7.258606
353; 1417730366102231975; 15; 3; -0.008591; -0.014012; 0.000130; 0.999865
354; 1417730366107328411; 9; 3; 0.275062; -0.167984; 9.801353
355; 1417730366107328411; 10; 3; 0.048605; 0.023973; -0.001587
356; 1417730366107328411; 15; 3; -0.008576; -0.014008; 0.000130; 0.999865
357; 1417730366113035198; 9; 3; 0.275077; -0.167668; 9.801357
358; 1417730366113035198; 10; 3; 0.023583; 0.006985; 0.030080
359; 1417730366113035198; 15; 3; -0.008560; -0.014009; 0.000130; 0.999865
360; 1417730366116666790; 1; 0; 0.313217; -0.169556; 10.350128
361; 1417730366117399212; 4; 0; 0.004196; 0.005081; -0.002518
362; 1417730366117399212; 9; 3; 0.275182; -0.167383; 9.801359
363; 1417730366117399212; 10; 3; 0.023459; 0.006693; 0.029628
364; 1417730366117399212; 15; 3; -0.008545; -0.014015; 0.000130; 0.999865
365; 1417730366124387737; 1; 0; 0.282272; -0.151703; 10.353699
366; 1417730366125120159; 4; 0; 0.004196; 0.005081; -0.001450
367; 1417730366125120159; 9; 3; 0.274690; -0.166721; 9.801385
368; 1417730366125120159; 10; 3; -0.006980; 0.023856; 0.032701
369; 1417730366125120159; 15; 3; -0.008511; -0.013990; 0.000129; 0.999866
370; 1417730366128690716; 2; 3; 4.438782; 14.999390; -17.939758
371; 1417730366128690716; 14; 3; 1.863098; 20.756531; -9.713745; -1.739502; 5.758667; 7.258606
372; 1417730366130582805; 1; 0; 0.301315; -0.112427; 10.283478
373; 1417730366131315227; 4; 0; 0.005264; 0.004013; -0.001450
374; 1417730366131315227; 9; 3; 0.274598; -0.165587; 9.801406
375; 1417730366131315227; 10; 3; 0.012175; 0.061930; -0.036998
376; 1417730366133420940; 6; 3; 950.847412; 0.000000; 0.000000
377; 1417730366131315227; 15; 3; -0.008453; -0.013985; 0.000129; 0.999866
378; 1417730366135282513; 1; 0; 0.302505; -0.202881; 10.335846
379; 1417730366136014934; 4; 0; 0.004196; 0.007217; -0.001450
380; 1417730366136014934; 9; 3; 0.274517; -0.165749; 9.801406
381; 1417730366136014934; 10; 3; 0.013444; -0.028351; 0.015142
382; 1417730366136014934; 15; 3; -0.008461; -0.013982; 0.000129; 0.999866
383; 1417730366139158245; 1; 0; 0.310837; -0.173126; 10.287048
384; 1417730366139890667; 4; 0; 0.004196; 0.006149; -0.001450
385; 1417730366139890667; 9; 3; 0.274567; -0.165579; 9.801407
386; 1417730366139890667; 10; 3; 0.021736; 0.001217; -0.033198
387; 1417730366143217083; 1; 0; 0.271561; -0.200500; 10.307281
388; 1417730366139890667; 15; 3; -0.008452; -0.013984; 0.000129; 0.999866
389; 1417730366143980022; 4; 0; 0.005264; 0.008286; -0.001450
390; 1417730366143980022; 9; 3; 0.274059; -0.165733; 9.801419
391; 1417730366143980022; 10; 3; -0.017000; -0.025997; -0.012799
392; 1417730366146970745; 1; 0; 0.271561; -0.200500; 10.307281
393; 1417730366143980022; 15; 3; -0.008460; -0.013959; 0.000129; 0.999867
394; 1417730366147703167; 4; 0; 0.004196; 0.005081; -0.003586
395; 1417730366147703167; 9; 3; 0.273606; -0.165897; 9.801429
396; 1417730366147703167; 10; 3; -0.016519; -0.025828; -0.012636
397; 1417730366147703167; 15; 3; -0.008468; -0.013936; 0.000129; 0.999867
398; 1417730366150785442; 1; 0; 0.302505; -0.156464; 10.268005
399; 1417730366151517864; 4; 0; 0.004196; 0.005081; -0.003586
400; 1417730366151517864; 9; 3; 0.273622; -0.165519; 9.801435
401; 1417730366151517864; 10; 3; 0.014428; 0.017799; -0.051229
402; 1417730366154752727; 2; 3; 4.258728; 15.238953; -17.999268
403; 1417730366154752727; 14; 3; 2.032471; 21.937561; -10.208130; -1.739502; 5.758667; 7.258606
404; 1417730366151517864; 15; 3; -0.008449; -0.013937; 0.000129; 0.999867
405; 1417730366156888958; 1; 0; 0.266800; -0.173126; 10.316803
406; 1417730366157621380; 4; 0; 0.005264; 0.006149; -0.001450
407; 1417730366157621380; 9; 3; 0.273028; -0.165222; 9.801456
408; 1417730366157621380; 10; 3; -0.020651; 0.000824; -0.002414
409; 1417730366157621380; 15; 3; -0.008434; -0.013907; 0.000129; 0.999868
410; 1417730366161893841; 1; 0; 0.292984; -0.202881; 10.307281
411; 1417730366162626263; 4; 0; 0.004196; 0.007217; -0.001450
412; 1417730366162626263; 9; 3; 0.272778; -0.165350; 9.801461
413; 1417730366162626263; 10; 3; 0.005801; -0.028799; -0.011794
414; 1417730366165464397; 6; 3; 950.877380; 0.000000; 0.000000
415; 1417730366162626263; 15; 3; -0.008440; -0.013894; 0.000129; 0.999868
416; 1417730366167387005; 1; 0; 0.266800; -0.200500; 10.360840
417; 1417730366168119427; 4; 0; 0.006332; 0.007217; -0.002518
418; 1417730366168119427; 9; 3; 0.272134; -0.165381; 9.801478
419; 1417730366168119427; 10; 3; -0.019720; -0.026377; 0.041213
420; 1417730366171445843; 2; 3; 3.959656; 15.299988; -17.878723
421; 1417730366171445843; 14; 3; 1.524353; 21.430969; -11.032104; -1.739502; 5.758667; 7.258606
422; 1417730366168119427; 15; 3; -0.008441; -0.013862; 0.000130; 0.999868
423; 1417730366173368450; 1; 0; 0.247757; -0.185028; 10.347748
424; 1417730366174100872; 4; 0; 0.004196; 0.007217; -0.002518
425; 1417730366174100872; 9; 3; 0.271243; -0.165197; 9.801506
426; 1417730366174100872; 10; 3; -0.037835; -0.011092; 0.027747
427; 1417730366174100872; 15; 3; -0.008432; -0.013816; 0.000130; 0.999869
428; 1417730366177122112; 1; 0; 0.247757; -0.185028; 10.347748
429; 1417730366177854534; 4; 0; 0.005264; 0.006149; -0.000381
430; 1417730366177854534; 9; 3; 0.270543; -0.165150; 9.801526
431; 1417730366177854534; 10; 3; -0.037107; -0.011136; 0.027390
432; 1417730366177854534; 15; 3; -0.008429; -0.013781; 0.000131; 0.999870
433; 1417730366182126995; 1; 0; 0.321548; -0.142181; 10.385834
434; 1417730366182859417; 4; 0; 0.004196; 0.004013; -0.001450
435; 1417730366182859417; 9; 3; 0.270707; -0.164535; 9.801532
436; 1417730366182859417; 10; 3; 0.036490; 0.031077; 0.064657
437; 1417730366182859417; 15; 3; -0.008398; -0.013789; 0.000130; 0.999870
438; 1417730366187162395; 1; 0; 0.279892; -0.156464; 10.325134
439; 1417730366188047405; 4; 0; 0.004196; 0.004013; -0.002518
440; 1417730366188047405; 9; 3; 0.270446; -0.164127; 9.801546
441; 1417730366188047405; 10; 3; -0.004893; 0.016365; 0.003900
442; 1417730366190885540; 2; 3; 4.019165; 15.238953; -17.999268
443; 1417730366190885540; 14; 3; 2.201843; 20.756531; -12.348938; -1.739502; 5.758667; 7.258606
444; 1417730366188047405; 15; 3; -0.008377; -0.013776; 0.000130; 0.999870
445; 1417730366193510052; 1; 0; 0.277512; -0.217163; 10.394165
446; 1417730366194242473; 4; 0; 0.005264; 0.006149; -0.000381
447; 1417730366194242473; 9; 3; 0.270036; -0.164334; 9.801554
448; 1417730366194242473; 10; 3; -0.006866; -0.044102; 0.072038
449; 1417730366197263714; 1; 0; 0.308456; -0.108856; 10.362030
450; 1417730366197996136; 4; 0; 0.004196; 0.007217; -0.000381
451; 1417730366200437542; 6; 3; 950.847412; 0.000000; 0.000000
452; 1417730366194242473; 15; 3; -0.008387; -0.013756; 0.000130; 0.999870
453; 1417730366197996136; 9; 3; 0.270053; -0.163428; 9.801569
454; 1417730366197996136; 10; 3; 0.024047; 0.063259; 0.039417
455; 1417730366202360149; 1; 0; 0.262039; -0.189789; 10.326324
456; 1417730366203123089; 4; 0; 0.004196; 0.004013; -0.002518
457; 1417730366197996136; 15; 3; -0.008341; -0.013757; 0.000130; 0.999871
458; 1417730366203123089; 9; 3; 0.269525; -0.163414; 9.801583
459; 1417730366203123089; 10; 3; -0.021814; -0.017687; 0.003656
460; 1417730366207303997; 1; 0; 0.248947; -0.158844; 10.309662
461; 1417730366208097454; 4; 0; 0.003128; 0.006149; -0.001450
462; 1417730366203123089; 15; 3; -0.008340; -0.013730; 0.000130; 0.999871
463; 1417730366208097454; 9; 3; 0.268900; -0.163092; 9.801606
464; 1417730366208097454; 10; 3; -0.034244; 0.012915; -0.012865
465; 1417730366213010784; 1; 0; 0.270370; -0.173126; 10.390594
466; 1417730366213773723; 4; 0; 0.004196; 0.007217; -0.002518
467; 1417730366211027141; 2; 3; 4.199219; 15.238953; -17.939758
468; 1417730366211027141; 14; 3; 3.387451; 21.263123; -11.195374; -1.739502; 5.758667; 7.258606
469; 1417730366208097454; 15; 3; -0.008324; -0.013698; 0.000130; 0.999871
470; 1417730366213773723; 9; 3; 0.268374; -0.162890; 9.801624
471; 1417730366213773723; 10; 3; -0.012288; -0.001567; 0.067271
472; 1417730366217344280; 1; 0; 0.323929; -0.127899; 10.396545
473; 1417730366218107220; 4; 0; 0.004196; 0.007217; -0.001450
474; 1417730366213773723; 15; 3; -0.008313; -0.013672; 0.000130; 0.999872
475; 1417730366218107220; 9; 3; 0.268496; -0.162227; 9.801632
476; 1417730366218107220; 10; 3; 0.041119; 0.042976; 0.072378
477; 1417730366222532268; 1; 0; 0.312027; -0.174316; 10.340607
478; 1417730366223295208; 4; 0; 0.005264; 0.005081; -0.002518
479; 1417730366218107220; 15; 3; -0.008280; -0.013678; 0.000130; 0.999872
480; 1417730366227476116; 1; 0; 0.294174; -0.119568; 10.364410
481; 1417730366223295208; 9; 3; 0.268495; -0.162020; 9.801635
482; 1417730366223295208; 10; 3; 0.029213; -0.003656; 0.016242
483; 1417730366228269573; 4; 0; 0.005264; 0.004013; -0.001450
484; 1417730366223295208; 15; 3; -0.008269; -0.013678; 0.000129; 0.999872
485; 1417730366231290813; 6; 3; 950.767456; 0.000000; 0.000000
486; 1417730366228269573; 9; 3; 0.268386; -0.161218; 9.801651
487; 1417730366228269573; 10; 3; 0.011463; 0.050255; 0.039590
488; 1417730366233945843; 1; 0; 0.240616; -0.190979; 10.302521
489; 1417730366234708782; 4; 0; 0.004196; 0.006149; -0.001450
490; 1417730366231199261; 2; 3; 4.019165; 15.179443; -18.058777
491; 1417730366231199261; 14; 3; 1.354980; 20.587158; -11.195374; -1.739502; 5.758667; 7.258606
492; 1417730366228269573; 15; 3; -0.008228; -0.013673; 0.000129; 0.999873
493; 1417730366237974163; 1; 0; 0.246567; -0.189789; 10.288239
494; 1417730366234708782; 9; 3; 0.267638; -0.161145; 9.801673
495; 1417730366234708782; 10; 3; -0.041300; -0.021237; -0.022069
496; 1417730366238706585; 4; 0; 0.003128; 0.007217; -0.001450
497; 1417730366242521282; 1; 0; 0.289413; -0.242157; 10.283478
498; 1417730366243284222; 4; 0; 0.005264; 0.008286; -0.003586
499; 1417730366234708782; 15; 3; -0.008224; -0.013635; 0.000129; 0.999873
500; 1417730366238706585; 9; 3; 0.267025; -0.161215; 9.801688
501; 1417730366238706585; 10; 3; -0.034693; -0.019980; -0.035966
502; 1417730366247556682; 1; 0; 0.310837; -0.208832; 10.273956
503; 1417730366248380657; 4; 0; 0.004196; 0.006149; -0.002518
504; 1417730366238706585; 15; 3; -0.008227; -0.013603; 0.000130; 0.999874
505; 1417730366243284222; 9; 3; 0.266777; -0.161770; 9.801686
506; 1417730366243284222; 10; 3; 0.008426; -0.071770; -0.040302
507; 1417730366251432415; 1; 0; 0.310837; -0.208832; 10.273956
508; 1417730366252164837; 4; 0; 0.004196; 0.008286; -0.001450
509; 1417730366243284222; 15; 3; -0.008256; -0.013591; 0.000130; 0.999874
510; 1417730366248380657; 9; 3; 0.266734; -0.161925; 9.801684
511; 1417730366248380657; 10; 3; 0.029908; -0.038290; -0.049314
512; 1417730366257688518; 1; 0; 0.283463; -0.185028; 10.332275
513; 1417730366258420940; 4; 0; 0.005264; 0.005081; -0.002518
514; 1417730366255491253; 2; 3; 3.839111; 14.999390; -18.119812
515; 1417730366255491253; 14; 3; 2.540588; 19.406128; -11.032104; -1.739502; 5.758667; 7.258606
516; 1417730366252164837; 9; 3; 0.266783; -0.162159; 9.801680
517; 1417730366252164837; 10; 3; 0.029871; -0.038052; -0.048804
518; 1417730366248380657; 15; 3; -0.008264; -0.013589; 0.000130; 0.999874
519; 1417730366252164837; 15; 3; -0.008275; -0.013592; 0.000131; 0.999873
520; 1417730366258420940; 9; 3; 0.266401; -0.162008; 9.801692
521; 1417730366258420940; 10; 3; 0.002896; -0.014405; 0.009399
522; 1417730366258420940; 15; 3; -0.008268; -0.013572; 0.000131; 0.999874
523; 1417730366262754436; 1; 0; 0.263229; -0.185028; 10.320374
524; 1417730366263486858; 4; 0; 0.005264; 0.007217; -0.002518
525; 1417730366263486858; 9; 3; 0.265932; -0.161888; 9.801707
526; 1417730366263486858; 10; 3; -0.016842; -0.014533; -0.002490
527; 1417730366263486858; 15; 3; -0.008261; -0.013548; 0.000131; 0.999874
528; 1417730366266386028; 6; 3; 950.907349; 0.000000; 0.000000
529; 1417730366268278118; 1; 0; 0.301315; -0.171936; 10.297760
530; 1417730366269010540; 4; 0; 0.003128; 0.007217; -0.002518
531; 1417730366269010540; 9; 3; 0.265760; -0.161677; 9.801715
532; 1417730366269010540; 10; 3; 0.021432; -0.001667; -0.024862
533; 1417730366269010540; 15; 3; -0.008251; -0.013540; 0.000131; 0.999874
534; 1417730366272001263; 2; 3; 3.898621; 15.119934; -18.179321
535; 1417730366272001263; 14; 3; 3.048706; 21.937561; -10.867310; -1.739502; 5.758667; 7.258606
536; 1417730366275541302; 1; 0; 0.234665; -0.177887; 10.323944
537; 1417730366276273723; 4; 0; 0.006332; 0.009354; -0.002518
538; 1417730366276273723; 9; 3; 0.264745; -0.161412; 9.801746
539; 1417730366276273723; 10; 3; -0.044150; -0.007897; 0.001286
540; 1417730366276273723; 15; 3; -0.008237; -0.013488; 0.000122; 0.999875
541; 1417730366279233929; 1; 0; 0.317978; -0.185028; 10.239441
542; 1417730366279966350; 4; 0; 0.004196; 0.008286; -0.002518
543; 1417730366279966350; 9; 3; 0.264823; -0.161376; 9.801745
544; 1417730366279966350; 10; 3; 0.039103; -0.015089; -0.082397
545; 1417730366283384319; 1; 0; 0.288223; -0.214783; 10.314423
546; 1417730366279966350; 15; 3; -0.008235; -0.013492; 0.000122; 0.999875
547; 1417730366284116741; 4; 0; 0.004196; 0.006149; -0.000381
548; 1417730366284116741; 9; 3; 0.264623; -0.161628; 9.801746
549; 1417730366284116741; 10; 3; 0.009561; -0.044579; -0.007354
550; 1417730366284116741; 15; 3; -0.008248; -0.013482; 0.000122; 0.999875
551; 1417730366287870403; 1; 0; 0.309647; -0.214783; 10.388214
552; 1417730366288602825; 4; 0; 0.004196; 0.006149; -0.004654
553; 1417730366288602825; 9; 3; 0.264629; -0.161847; 9.801743
554; 1417730366288602825; 10; 3; 0.030960; -0.044338; 0.065776
555; 1417730366288602825; 15; 3; -0.008259; -0.013483; 0.000122; 0.999875
556; 1417730366292264934; 2; 3; 4.078674; 14.999390; -18.539429
557; 1417730366292264934; 14; 3; 3.555298; 19.743347; -12.678528; -1.739502; 5.758667; 7.258606
558; 1417730366294157024; 1; 0; 0.306076; -0.242157; 10.266815
559; 1417730366294889446; 4; 0; 0.005264; 0.006149; -0.002518
560; 1417730366294889446; 9; 3; 0.264523; -0.162222; 9.801740
561; 1417730366294889446; 10; 3; 0.027515; -0.071326; -0.055099
562; 1417730366294889446; 15; 3; -0.008278; -0.013477; 0.000123; 0.999875
563; 1417730366297971722; 1; 0; 0.306076; -0.158844; 10.369171
564; 1417730366298704143; 4; 0; 0.004196; 0.006149; -0.001450
565; 1417730366298704143; 9; 3; 0.264536; -0.161928; 9.801744
566; 1417730366298704143; 10; 3; 0.027489; 0.011685; 0.046794
567; 1417730366301145550; 6; 3; 950.877380; 0.000000; 0.000000
568; 1417730366298704143; 15; 3; -0.008263; -0.013478; 0.000122; 0.999875
569; 1417730366303068157; 1; 0; 0.315598; -0.119568; 10.335846
570; 1417730366303800579; 4; 0; 0.005264; 0.006149; -0.001450
571; 1417730366303800579; 9; 3; 0.264564; -0.161229; 9.801755
572; 1417730366303800579; 10; 3; 0.036977; 0.050228; 0.013328
573; 1417730366303800579; 15; 3; -0.008227; -0.013480; 0.000122; 0.999875
574; 1417730366308012005; 1; 0; 0.310837; -0.244537; 10.372742
575; 1417730366308805462; 4; 0; 0.004196; 0.007217; -0.000381
576; 1417730366308805462; 9; 3; 0.264516; -0.161660; 9.801749
577; 1417730366308805462; 10; 3; 0.032254; -0.074280; 0.049736
578; 1417730366311674114; 2; 3; 4.258728; 14.999390; -18.838501
579; 1417730366311674114; 14; 3; 3.218079; 21.768188; -12.678528; -1.739502; 5.758667; 7.258606
580; 1417730366308805462; 15; 3; -0.008249; -0.013477; 0.000122; 0.999875
581; 1417730366313657757; 1; 0; 0.246567; -0.163605; 10.344177
582; 1417730366314390179; 4; 0; 0.003128; 0.008286; -0.001450
583; 1417730366314390179; 9; 3; 0.263808; -0.161398; 9.801772
584; 1417730366314390179; 10; 3; -0.031275; 0.006380; 0.020958
585; 1417730366314390179; 15; 3; -0.008236; -0.013441; 0.000122; 0.999876
586; 1417730366318082805; 1; 0; 0.291794; -0.199310; 10.359650
587; 1417730366318815227; 4; 0; 0.004196; 0.009354; -0.002518
588; 1417730366318815227; 9; 3; 0.263544; -0.161491; 9.801778
589; 1417730366318815227; 10; 3; 0.014220; -0.029222; 0.036079
590; 1417730366318815227; 15; 3; -0.008240; -0.013428; 0.000123; 0.999876
591; 1417730366323148723; 1; 0; 0.312027; -0.146942; 10.289429
592; 1417730366323911663; 4; 0; 0.005264; 0.005081; -0.002518
593; 1417730366323911663; 9; 3; 0.263497; -0.161057; 9.801786
594; 1417730366323911663; 10; 3; 0.034512; 0.022683; -0.033842
595; 1417730366323911663; 15; 3; -0.008218; -0.013426; 0.000122; 0.999876
596; 1417730366328977581; 1; 0; 0.271561; -0.194550; 10.314423
597; 1417730366329710003; 4; 0; 0.003128; 0.007217; -0.003586
598; 1417730366329710003; 9; 3; 0.263104; -0.161032; 9.801798
599; 1417730366329710003; 10; 3; -0.005539; -0.024951; -0.008781
600; 1417730366332700725; 6; 3; 950.867371; 0.000000; 0.000000
601; 1417730366332639690; 2; 3; 4.438782; 14.939880; -18.838501
602; 1417730366332639690; 14; 3; 3.387451; 20.924377; -11.195374; -1.739502; 5.758667; 7.258606
603; 1417730366329710003; 15; 3; -0.008217; -0.013406; 0.000123; 0.999876
604; 1417730366335264202; 1; 0; 0.264420; -0.180267; 10.316803
605; 1417730366336027141; 4; 0; 0.003128; 0.006149; -0.002518
606; 1417730366336027141; 9; 3; 0.262590; -0.160927; 9.801813
607; 1417730366336027141; 10; 3; -0.012137; -0.010780; -0.006358
608; 1417730366336027141; 15; 3; -0.008211; -0.013380; 0.000123; 0.999877
609; 1417730366339200970; 1; 0; 0.321548; -0.195740; 10.303711
610; 1417730366339933391; 4; 0; 0.003128; 0.007217; -0.003586
611; 1417730366343351360; 1; 0; 0.304886; -0.193359; 10.351318
612; 1417730366339933391; 9; 3; 0.262723; -0.161031; 9.801807
613; 1417730366339933391; 10; 3; 0.044855; -0.026147; -0.019286
614; 1417730366344083782; 4; 0; 0.003128; 0.005081; -0.000381
615; 1417730366339933391; 15; 3; -0.008217; -0.013386; 0.000123; 0.999877
616; 1417730366344083782; 9; 3; 0.262707; -0.161098; 9.801807
617; 1417730366344083782; 10; 3; 0.028203; -0.023691; 0.028062
618; 1417730366344083782; 15; 3; -0.008220; -0.013386; 0.000123; 0.999877
619; 1417730366348264690; 1; 0; 0.278702; -0.180267; 10.279907
620; 1417730366348997112; 4; 0; 0.005264; 0.005081; -0.002518
621; 1417730366348997112; 9; 3; 0.262492; -0.160990; 9.801815
622; 1417730366348997112; 10; 3; 0.002255; -0.010719; -0.042979
623; 1417730366348997112; 15; 3; -0.008214; -0.013375; 0.000123; 0.999877
624; 1417730366352048870; 1; 0; 0.278702; -0.180267; 10.279907
625; 1417730366352811809; 4; 0; 0.003128; 0.008286; -0.001450
626; 1417730366352811809; 9; 3; 0.262274; -0.160927; 9.801822
627; 1417730366352811809; 10; 3; 0.002495; -0.010792; -0.042615
628; 1417730366356046673; 2; 3; 4.559326; 14.999390; -18.598938
629; 1417730366356046673; 14; 3; 2.879333; 21.430969; -10.372925; -1.739502; 5.758667; 7.258606
630; 1417730366352811809; 15; 3; -0.008211; -0.013364; 0.000123; 0.999877
631; 1417730366358427044; 1; 0; 0.314407; -0.190979; 10.287048
632; 1417730366359159466; 4; 0; 0.004196; 0.005081; -0.003586
633; 1417730366359159466; 9; 3; 0.262184; -0.160877; 9.801825
634; 1417730366359159466; 10; 3; 0.038303; -0.021560; -0.035184
635; 1417730366359159466; 15; 3; -0.008209; -0.013359; 0.000123; 0.999877
636; 1417730366363431927; 1; 0; 0.298935; -0.204071; 10.403687
637; 1417730366364194866; 4; 0; 0.004196; 0.007217; -0.001450
638; 1417730366364194866; 9; 3; 0.262053; -0.160939; 9.801826
639; 1417730366364194866; 10; 3; 0.022950; -0.034576; 0.080746
640; 1417730366367063518; 6; 3; 950.847412; 0.000000; 0.000000
641; 1417730366364194866; 15; 3; -0.008212; -0.013353; 0.000123; 0.999877
642; 1417730366368986126; 1; 0; 0.327499; -0.151703; 10.296570
643; 1417730366369718548; 4; 0; 0.003128; 0.002945; -0.000381
644; 1417730366369718548; 9; 3; 0.262201; -0.160601; 9.801828
645; 1417730366369718548; 10; 3; 0.051365; 0.017433; -0.026158
646; 1417730366372709270; 2; 3; 4.319763; 14.939880; -18.838501
647; 1417730366372709270; 14; 3; 1.354980; 20.924377; -13.171387; -1.739502; 5.758667; 7.258606
648; 1417730366369718548; 15; 3; -0.008194; -0.013360; 0.000123; 0.999877
649; 1417730366374631878; 1; 0; 0.315598; -0.189789; 10.312042
650; 1417730366375364300; 4; 0; 0.005264; 0.006149; -0.000381
651; 1417730366375364300; 9; 3; 0.262268; -0.160536; 9.801827
652; 1417730366375364300; 10; 3; 0.039394; -0.020722; -0.010607
653; 1417730366375364300; 15; 3; -0.008191; -0.013364; 0.000123; 0.999877
654; 1417730366378568645; 1; 0; 0.256088; -0.187408; 10.320374
655; 1417730366379301067; 4; 0; 0.005264; 0.006149; -0.001450
656; 1417730366379301067; 9; 3; 0.261875; -0.160479; 9.801839
657; 1417730366379301067; 10; 3; -0.019701; -0.018402; -0.002267
658; 1417730366379301067; 15; 3; -0.008188; -0.013344; 0.000123; 0.999877
659; 1417730366383543011; 1; 0; 0.273941; -0.225494; 10.296570
660; 1417730366384275432; 4; 0; 0.003128; 0.008286; -0.001450
661; 1417730366384275432; 9; 3; 0.261518; -0.160724; 9.801845
662; 1417730366384275432; 10; 3; -0.001466; -0.056234; -0.025867
663; 1417730366384275432; 15; 3; -0.008201; -0.013326; 0.000123; 0.999878
664; 1417730366388547893; 1; 0; 0.337021; -0.177887; 10.306091
665; 1417730366389280315; 4; 0; 0.003128; 0.005081; -0.002518
666; 1417730366389280315; 9; 3; 0.261684; -0.160639; 9.801842
667; 1417730366389280315; 10; 3; 0.061442; -0.008718; -0.016222
668; 1417730366389280315; 15; 3; -0.008196; -0.013334; 0.000123; 0.999878
669; 1417730366392210003; 2; 3; 4.499817; 15.058899; -18.778992
670; 1417730366392210003; 14; 3; 3.218079; 21.430969; -10.372925; -1.739502; 5.758667; 7.258606
671; 1417730366394803997; 1; 0; 0.348923; -0.151703; 10.303711
672; 1417730366395536419; 4; 0; 0.003128; 0.005081; -0.002518
673; 1417730366395536419; 9; 3; 0.261960; -0.160309; 9.801840
674; 1417730366395536419; 10; 3; 0.073056; 0.017116; -0.018459
675; 1417730366397642132; 6; 3; 950.787415; 0.000000; 0.000000
676; 1417730366395536419; 15; 3; -0.008179; -0.013349; 0.000123; 0.999877
677; 1417730366399564739; 1; 0; 0.314407; -0.220734; 10.356079
678; 1417730366400297161; 4; 0; 0.004196; 0.007217; -0.003586
679; 1417730366400297161; 9; 3; 0.261975; -0.160541; 9.801836
680; 1417730366400297161; 10; 3; 0.038518; -0.051665; 0.033616
681; 1417730366400297161; 15; 3; -0.008191; -0.013349; 0.000123; 0.999877
682; 1417730366403715130; 1; 0; 0.289413; -0.120758; 10.302521
683; 1417730366404478069; 4; 0; 0.003128; 0.002945; -0.002518
684; 1417730366404478069; 9; 3; 0.261881; -0.160010; 9.801847
685; 1417730366404478069; 10; 3; 0.013627; 0.047748; -0.019785
686; 1417730366404478069; 15; 3; -0.008164; -0.013345; 0.000123; 0.999878
687; 1417730366408720013; 1; 0; 0.325119; -0.120758; 10.356079
688; 1417730366409452434; 4; 0; 0.003128; 0.005081; -0.000381
689; 1417730366409452434; 9; 3; 0.262071; -0.159476; 9.801850
690; 1417730366409452434; 10; 3; 0.049125; 0.047190; 0.033484
691; 1417730366412473675; 2; 3; 4.559326; 15.238953; -18.778992
692; 1417730366412473675; 14; 3; 2.709961; 20.924377; -10.867310; -1.739502; 5.758667; 7.258606
693; 1417730366409452434; 15; 3; -0.008137; -0.013354; 0.000122; 0.999878
694; 1417730366414487835; 1; 0; 0.287033; -0.193359; 10.285858
695; 1417730366415220257; 4; 0; 0.004196; 0.006149; -0.000381
696; 1417730366415220257; 9; 3; 0.261851; -0.159475; 9.801856
697; 1417730366415220257; 10; 3; 0.011279; -0.025417; -0.036444
698; 1417730366415220257; 15; 3; -0.008137; -0.013343; 0.000122; 0.999878
699; 1417730366418790813; 1; 0; 0.308456; -0.194550; 10.294189
700; 1417730366419553753; 4; 0; 0.004196; 0.006149; -0.002518
701; 1417730366419553753; 9; 3; 0.261857; -0.159510; 9.801856
702; 1417730366419553753; 10; 3; 0.032702; -0.026573; -0.027889
703; 1417730366419553753; 15; 3; -0.008138; -0.013344; 0.000122; 0.999878
704; 1417730366424039837; 1; 0; 0.314407; -0.138611; 10.316803
705; 1417730366424772259; 4; 0; 0.004196; 0.008286; -0.001450
706; 1417730366424772259; 9; 3; 0.261799; -0.159063; 9.801865
707; 1417730366424772259; 10; 3; 0.038715; 0.028894; -0.005246
708; 1417730366424772259; 15; 3; -0.008115; -0.013341; 0.000122; 0.999878
709; 1417730366430479046; 1; 0; 0.278702; -0.187408; 10.345367
710; 1417730366431241985; 4; 0; 0.004196; 0.007217; -0.003586
711; 1417730366431241985; 9; 3; 0.261333; -0.158949; 9.801879
712; 1417730366431241985; 10; 3; 0.003495; -0.020020; 0.023107
713; 1417730366431241985; 15; 3; -0.008110; -0.013317; 0.000122; 0.999878
714; 1417730366434293743; 2; 3; 4.438782; 15.238953; -19.079590
715; 1417730366434293743; 14; 3; 2.201843; 21.768188; -13.336182; -1.739502; 5.758667; 7.258606
716; 1417730366434385296; 6; 3; 950.867371; 0.000000; 0.000000
717; 1417730366436979290; 1; 0; 0.252518; -0.213593; 10.332275
718; 1417730366437711712; 4; 0; 0.003128; 0.006149; -0.001450
719; 1417730366437711712; 9; 3; 0.260733; -0.159078; 9.801893
720; 1417730366437711712; 10; 3; -0.022060; -0.046067; 0.009915
721; 1417730366437711712; 15; 3; -0.008116; -0.013287; 0.000123; 0.999879
722; 1417730366440916057; 1; 0; 0.292984; -0.168365; 10.284668
723; 1417730366441648479; 4; 0; 0.003128; 0.006149; -0.001450
724; 1417730366441648479; 9; 3; 0.260652; -0.158969; 9.801897
725; 1417730366441648479; 10; 3; 0.018500; -0.000961; -0.037387
726; 1417730366441648479; 15; 3; -0.008110; -0.013283; 0.000122; 0.999879
727; 1417730366445158001; 1; 0; 0.302505; -0.156464; 10.366791
728; 1417730366445890423; 4; 0; 0.004196; 0.005081; -0.002518
729; 1417730366445890423; 9; 3; 0.260634; -0.158723; 9.801901
730; 1417730366445890423; 10; 3; 0.028031; 0.010689; 0.044354
731; 1417730366445890423; 15; 3; -0.008098; -0.013282; 0.000122; 0.999879
732; 1417730366448972698; 1; 0; 0.310837; -0.169556; 10.364410
733; 1417730366449705120; 4; 0; 0.004196; 0.007217; -0.001450
734; 1417730366449705120; 9; 3; 0.260685; -0.158579; 9.801902
735; 1417730366449705120; 10; 3; 0.036298; -0.002549; 0.041616
736; 1417730366449705120; 15; 3; -0.008090; -0.013284; 0.000122; 0.999879
737; 1417730366452756878; 1; 0; 0.303696; -0.168365; 10.350128
738; 1417730366453519817; 4; 0; 0.005264; 0.007217; -0.003586
739; 1417730366453519817; 9; 3; 0.260643; -0.158409; 9.801906
740; 1417730366453519817; 10; 3; 0.029195; -0.001535; 0.027097
741; 1417730366453519817; 15; 3; -0.008082; -0.013282; 0.000122; 0.999879
742; 1417730366456815716; 2; 3; 4.258728; 15.238953; -18.838501
743; 1417730366456815716; 14; 3; 2.201843; 20.080566; -10.702515; -1.739502; 5.758667; 7.258606
744; 1417730366459043499; 1; 0; 0.301315; -0.118378; 10.348938
745; 1417730366459806438; 4; 0; 0.004196; 0.007217; -0.004654
746; 1417730366459806438; 9; 3; 0.260413; -0.157727; 9.801923
747; 1417730366459806438; 10; 3; 0.027052; 0.047738; 0.025674
748; 1417730366459806438; 15; 3; -0.008047; -0.013271; 0.000122; 0.999880
749; 1417730366464139934; 1; 0; 0.288223; -0.131470; 10.332275
750; 1417730366464872356; 4; 0; 0.003128; 0.007217; -0.001450
751; 1417730366464872356; 9; 3; 0.260168; -0.157268; 9.801937
752; 1417730366464872356; 10; 3; 0.014216; 0.034164; 0.008924
753; 1417730366464872356; 15; 3; -0.008023; -0.013258; 0.000122; 0.999880
754; 1417730366467741009; 6; 3; 950.897339; 0.000000; 0.000000
755; 1417730366469663616; 1; 0; 0.260849; -0.190979; 10.321564
756; 1417730366470426555; 4; 0; 0.004196; 0.008286; -0.001450
757; 1417730366470426555; 9; 3; 0.259647; -0.157268; 9.801950
758; 1417730366470426555; 10; 3; -0.012610; -0.025345; -0.001788
759; 1417730366470426555; 15; 3; -0.008023; -0.013232; 0.000122; 0.999880
760; 1417730366473905559; 2; 3; 4.199219; 15.179443; -18.778992
761; 1417730366473905559; 14; 3; 2.371216; 20.924377; -12.513733; -1.739502; 5.758667; 7.258606
762; 1417730366475828167; 1; 0; 0.317978; -0.167175; 10.204926
763; 1417730366476591106; 4; 0; 0.003128; 0.006149; -0.002518
764; 1417730366476591106; 9; 3; 0.259593; -0.157073; 9.801955
765; 1417730366476591106; 10; 3; 0.044602; -0.001763; -0.117457
766; 1417730366476591106; 15; 3; -0.008013; -0.013229; 0.000122; 0.999880
767; 1417730366479673382; 1; 0; 0.312027; -0.168365; 10.375122
768; 1417730366480405804; 4; 0; 0.004196; 0.007217; -0.001450
769; 1417730366480405804; 9; 3; 0.259640; -0.156952; 9.801956
770; 1417730366480405804; 10; 3; 0.038590; -0.003073; 0.052291
771; 1417730366480405804; 15; 3; -0.008007; -0.013232; 0.000122; 0.999880
772; 1417730366484251018; 1; 0; 0.289413; -0.133850; 10.266815
773; 1417730366485013958; 4; 0; 0.004196; 0.006149; -0.002518
774; 1417730366485013958; 9; 3; 0.259480; -0.156520; 9.801968
775; 1417730366485013958; 10; 3; 0.016157; 0.030980; -0.055562
776; 1417730366485151528; 15; 3; -0.007985; -0.013223; 0.000121; 0.999881
777; 1417730366489393471; 1; 0; 0.259659; -0.171936; 10.308472
778; 1417730366490217446; 4; 0; 0.004196; 0.005081; -0.003586
779; 1417730366490217446; 9; 3; 0.259101; -0.156367; 9.801979
780; 1417730366490217446; 10; 3; -0.013196; -0.007269; -0.013801
781; 1417730366490217446; 15; 3; -0.007977; -0.013204; 0.000122; 0.999881
782; 1417730366493208168; 2; 3; 3.959656; 15.299988; -18.899536
783; 1417730366493208168; 14; 3; 1.863098; 22.106934; -12.019348; -1.739502; 5.758667; 7.258606
784; 1417730366495924233; 1; 0; 0.297745; -0.167175; 10.321564
785; 1417730366496687172; 4; 0; 0.005264; 0.005081; -0.001450
786; 1417730366496687172; 9; 3; 0.258981; -0.156086; 9.801988
787; 1417730366496687172; 10; 3; 0.025017; -0.002805; -0.000716
788; 1417730366496687172; 15; 3; -0.007963; -0.013198; 0.000121; 0.999881
789; 1417730366499799965; 1; 0; 0.265610; -0.162415; 10.298950
790; 1417730366500532387; 4; 0; 0.004196; 0.008286; -0.002518
791; 1417730366500532387; 9; 3; 0.258681; -0.155894; 9.801998
792; 1417730366500532387; 10; 3; -0.006797; 0.001752; -0.023146
793; 1417730366500532387; 15; 3; -0.007953; -0.013183; 0.000122; 0.999881
794; 1417730366503065346; 6; 3; 950.767456; 0.000000; 0.000000
795; 1417730366505018471; 1; 0; 0.322739; -0.183838; 10.309662
796; 1417730366505750893; 4; 0; 0.005264; 0.007217; -0.000381
797; 1417730366505750893; 9; 3; 0.258689; -0.155809; 9.801999
798; 1417730366505750893; 10; 3; 0.050326; -0.019763; -0.012345
799; 1417730366505750893; 15; 3; -0.007949; -0.013183; 0.000121; 0.999882
800; 1417730366509565590; 1; 0; 0.326309; -0.150513; 10.288239
801; 1417730366510328530; 4; 0; 0.005264; 0.006149; -0.001450
802; 1417730366510328530; 9; 3; 0.258824; -0.155471; 9.802001
803; 1417730366510328530; 10; 3; 0.053761; 0.013202; -0.033500
804; 1417730366513319252; 2; 3; 3.839111; 15.299988; -18.959045
805; 1417730366513319252; 14; 3; 1.524353; 21.430969; -10.702515; -1.739502; 5.758667; 7.258606
806; 1417730366510328530; 15; 3; -0.007931; -0.013190; 0.000121; 0.999882
807; 1417730366515272377; 1; 0; 0.317978; -0.177887; 10.329895
808; 1417730366516004799; 4; 0; 0.004196; 0.008286; -0.003586
809; 1417730366516004799; 9; 3; 0.258785; -0.155317; 9.802005
810; 1417730366516004799; 10; 3; 0.045469; -0.014333; 0.008074
811; 1417730366516004799; 15; 3; -0.007924; -0.013188; 0.000121; 0.999882
812; 1417730366519636391; 1; 0; 0.273941; -0.152893; 10.362030
813; 1417730366520368813; 4; 0; 0.003128; 0.005081; -0.003586
814; 1417730366520368813; 9; 3; 0.258507; -0.155068; 9.802016
815; 1417730366520368813; 10; 3; 0.001716; 0.010404; 0.039864
816; 1417730366520368813; 15; 3; -0.007911; -0.013174; 0.000121; 0.999882
817; 1417730366525617836; 1; 0; 0.282272; -0.180267; 10.302521
818; 1417730366526350258; 4; 0; 0.005264; 0.006149; -0.002518
819; 1417730366526350258; 9; 3; 0.258267; -0.154956; 9.802024
820; 1417730366526350258; 10; 3; 0.010305; -0.017091; -0.019495
821; 1417730366526350258; 15; 3; -0.007905; -0.013162; 0.000121; 0.999882
822; 1417730366530134438; 1; 0; 0.320358; -0.167175; 10.309662
823; 1417730366530897377; 4; 0; 0.004196; 0.005081; -0.002518
824; 1417730366530897377; 9; 3; 0.258405; -0.154777; 9.802023
825; 1417730366530897377; 10; 3; 0.048248; -0.004189; -0.012261
826; 1417730366530897377; 15; 3; -0.007896; -0.013169; 0.000121; 0.999882
827; 1417730366533796547; 2; 3; 4.019165; 15.299988; -18.598938
828; 1417730366533796547; 14; 3; 3.048706; 20.924377; -10.208130; -1.739502; 5.758667; 7.258606
829; 1417730366533949135; 6; 3; 950.787415; 0.000000; 0.000000
830; 1417730366536512612; 1; 0; 0.329880; -0.135040; 10.352509
831; 1417730366537245034; 4; 0; 0.004196; 0.006149; -0.002518
832; 1417730366537245034; 9; 3; 0.258510; -0.154289; 9.802028
833; 1417730366537245034; 10; 3; 0.057651; 0.027437; 0.030317
834; 1417730366537245034; 15; 3; -0.007871; -0.013175; 0.000121; 0.999882
835; 1417730366540449379; 1; 0; 0.302505; -0.162415; 10.327515
836; 1417730366541181801; 4; 0; 0.004196; 0.006149; -0.002518
837; 1417730366541181801; 9; 3; 0.258514; -0.154125; 9.802031
838; 1417730366541181801; 10; 3; 0.030271; -0.000110; 0.005270
839; 1417730366541181801; 15; 3; -0.007863; -0.013175; 0.000120; 0.999882
840; 1417730366544752358; 1; 0; 0.294174; -0.150513; 10.371552
841; 1417730366545545815; 4; 0; 0.004196; 0.004013; -0.001450
842; 1417730366545545815; 9; 3; 0.258463; -0.153845; 9.802036
843; 1417730366545545815; 10; 3; 0.021983; 0.011504; 0.048888
844; 1417730366545545815; 15; 3; -0.007848; -0.013172; 0.000120; 0.999882
845; 1417730366549848793; 1; 0; 0.258469; -0.185028; 10.379883
846; 1417730366550581215; 4; 0; 0.005264; 0.006149; -0.001450
847; 1417730366550581215; 9; 3; 0.258095; -0.153787; 9.802047
848; 1417730366550581215; 10; 3; -0.013348; -0.023066; 0.056733
849; 1417730366550581215; 15; 3; -0.007845; -0.013154; 0.000120; 0.999883
850; 1417730366553632973; 1; 0; 0.316788; -0.194550; 10.344177
851; 1417730366554395913; 4; 0; 0.003128; 0.006149; -0.001450
852; 1417730366554395913; 9; 3; 0.258218; -0.153884; 9.802042
853; 1417730366554395913; 10; 3; 0.044837; -0.032482; 0.020844
854; 1417730366554395913; 15; 3; -0.007850; -0.013160; 0.000120; 0.999883
855; 1417730366557600258; 2; 3; 3.959656; 15.419006; -18.659973
856; 1417730366557600258; 14; 3; 2.709961; 22.274780; -11.195374; -1.739502; 5.758667; 7.258606
857; 1417730366559919594; 1; 0; 0.277512; -0.188599; 10.358459
858; 1417730366560652016; 4; 0; 0.004196; 0.006149; -0.000381
859; 1417730366560652016; 9; 3; 0.257882; -0.153865; 9.802052
860; 1417730366560652016; 10; 3; 0.005907; -0.026546; 0.034820
861; 1417730366560652016; 15; 3; -0.007849; -0.013143; 0.000121; 0.999883
862; 1417730366564924477; 1; 0; 0.332260; -0.129089; 10.339417
863; 1417730366565656899; 4; 0; 0.004196; 0.008286; -0.001450
864; 1417730366565656899; 9; 3; 0.258007; -0.153397; 9.802055
865; 1417730366565656899; 10; 3; 0.060521; 0.032473; 0.015633
866; 1417730366568495034; 6; 3; 950.867371; 0.000000; 0.000000
867; 1417730366565656899; 15; 3; -0.007825; -0.013149; 0.000120; 0.999883
868; 1417730366570417641; 1; 0; 0.326309; -0.171936; 10.273956
869; 1417730366571150063; 4; 0; 0.004196; 0.004013; -0.002518
870; 1417730366571150063; 9; 3; 0.258121; -0.153258; 9.802054
871; 1417730366571150063; 10; 3; 0.054460; -0.010526; -0.049426
872; 1417730366571150063; 15; 3; -0.007818; -0.013155; 0.000120; 0.999883
873; 1417730366574232338; 2; 3; 4.019165; 15.299988; -18.838501
874; 1417730366574232338; 14; 3; 3.048706; 20.249939; -11.854553; -1.739502; 5.758667; 7.258606
875; 1417730366577741860; 1; 0; 0.316788; -0.112427; 10.350128
876; 1417730366578474282; 4; 0; 0.004196; 0.006149; -0.003586
877; 1417730366578474282; 9; 3; 0.258112; -0.152564; 9.802066
878; 1417730366578474282; 10; 3; 0.044942; 0.048255; 0.026508
879; 1417730366578474282; 15; 3; -0.007783; -0.013155; 0.000120; 0.999883
880; 1417730366581434487; 1; 0; 0.316788; -0.112427; 10.350128
881; 1417730366582166909; 4; 0; 0.004196; 0.006149; -0.003586
882; 1417730366582166909; 9; 3; 0.258242; -0.152026; 9.802071
883; 1417730366582166909; 10; 3; 0.044799; 0.047691; 0.026279
884; 1417730366582166909; 15; 3; -0.007755; -0.013162; 0.000119; 0.999883
885; 1417730366585584877; 1; 0; 0.307266; -0.185028; 10.328705
886; 1417730366586317299; 4; 0; 0.003128; 0.007217; -0.001450
887; 1417730366586317299; 9; 3; 0.258252; -0.152071; 9.802070
888; 1417730366586317299; 10; 3; 0.035266; -0.024861; 0.004806
889; 1417730366586317299; 15; 3; -0.007757; -0.013162; 0.000119; 0.999883
890; 1417730366590131997; 1; 0; 0.264420; -0.171936; 10.241821
891; 1417730366590864418; 4; 0; 0.003128; 0.006149; -0.002518
892; 1417730366590864418; 9; 3; 0.257915; -0.152033; 9.802079
893; 1417730366590864418; 10; 3; -0.007208; -0.011819; -0.081406
894; 1417730366594526528; 2; 3; 3.839111; 15.299988; -18.598938
895; 1417730366594526528; 14; 3; 0.677490; 21.600342; -11.524963; -1.739502; 5.758667; 7.258606
896; 1417730366590864418; 15; 3; -0.007756; -0.013145; 0.000119; 0.999884
897; 1417730366596418618; 1; 0; 0.291794; -0.140991; 10.323944
898; 1417730366597151040; 4; 0; 0.005264; 0.007217; -0.000381
899; 1417730366597151040; 9; 3; 0.257667; -0.151624; 9.802093
900; 1417730366597151040; 10; 3; 0.020428; 0.018694; 0.000695
901; 1417730366597151040; 15; 3; -0.007735; -0.013132; 0.000119; 0.999884
902; 1417730366600233315; 1; 0; 0.294174; -0.171936; 10.341797
903; 1417730366600965737; 4; 0; 0.005264; 0.008286; -0.000381
904; 1417730366603407143; 6; 3; 950.867371; 0.000000; 0.000000
905; 1417730366600965737; 9; 3; 0.257556; -0.151522; 9.802096
906; 1417730366600965737; 10; 3; 0.022921; -0.012355; 0.018383
907; 1417730366600965737; 15; 3; -0.007729; -0.013127; 0.000119; 0.999884
908; 1417730366605360268; 1; 0; 0.284653; -0.217163; 10.322754
909; 1417730366606092690; 4; 0; 0.004196; 0.009354; -0.001450
910; 1417730366606092690; 9; 3; 0.257222; -0.151740; 9.802102
911; 1417730366606092690; 10; 3; 0.013750; -0.057353; -0.000670
912; 1417730366606092690; 15; 3; -0.007740; -0.013110; 0.000120; 0.999884
913; 1417730366610243081; 1; 0; 0.253708; -0.145752; 10.219208
914; 1417730366610975502; 4; 0; 0.005264; 0.005081; -0.002518
915; 1417730366610975502; 9; 3; 0.256767; -0.151415; 9.802119
916; 1417730366610975502; 10; 3; -0.016693; 0.013702; -0.103363
917; 1417730366613874672; 2; 3; 3.839111; 15.419006; -18.778992
918; 1417730366613874672; 14; 3; 2.201843; 20.756531; -12.348938; -1.739502; 5.758667; 7.258606
919; 1417730366610975502; 15; 3; -0.007724; -0.013087; 0.000120; 0.999885
920; 1417730366615827797; 1; 0; 0.276321; -0.193359; 10.357269
921; 1417730366616560219; 4; 0; 0.005264; 0.005081; -0.002518
922; 1417730366616560219; 9; 3; 0.256533; -0.151389; 9.802125
923; 1417730366616560219; 10; 3; 0.006160; -0.033928; 0.034398
924; 1417730366616560219; 15; 3; -0.007722; -0.013075; 0.000120; 0.999885
925; 1417730366620344399; 1; 0; 0.240616; -0.139801; 10.275146
926; 1417730366621076821; 4; 0; 0.004196; 0.009354; -0.004654
927; 1417730366621076821; 9; 3; 0.255995; -0.151028; 9.802145
928; 1417730366621076821; 10; 3; -0.028969; 0.019244; -0.047340
929; 1417730366621076821; 15; 3; -0.007704; -0.013047; 0.000120; 0.999885
930; 1417730366625837563; 1; 0; 0.302505; -0.145752; 10.339417
931; 1417730366626631020; 4; 0; 0.004196; 0.009354; -0.001450
932; 1417730366626631020; 9; 3; 0.255749; -0.150690; 9.802156
933; 1417730366626631020; 10; 3; 0.033176; 0.012940; 0.016771
934; 1417730366626631020; 15; 3; -0.007687; -0.013035; 0.000120; 0.999885
935; 1417730366630476235; 1; 0; 0.340591; -0.189789; 10.283478
936; 1417730366631269692; 4; 0; 0.005264; 0.005081; -0.002518
937; 1417730366631269692; 9; 3; 0.255995; -0.150724; 9.802149
938; 1417730366631269692; 10; 3; 0.071011; -0.031066; -0.038854
939; 1417730366634290932; 6; 3; 950.807434; 0.000000; 0.000000
940; 1417730366634199379; 2; 3; 3.779602; 15.478516; -18.778992
941; 1417730366634199379; 14; 3; 1.863098; 21.430969; -12.348938; -1.739502; 5.758667; 7.258606
942; 1417730366631269692; 15; 3; -0.007688; -0.013048; 0.000120; 0.999885
943; 1417730366636915444; 1; 0; 0.300125; -0.199310; 10.319183
944; 1417730366637647866; 4; 0; 0.005264; 0.008286; -0.002518
945; 1417730366637647866; 9; 3; 0.255825; -0.150715; 9.802155
946; 1417730366637647866; 10; 3; 0.030724; -0.040598; -0.003139
947; 1417730366637647866; 15; 3; -0.007688; -0.013039; 0.000120; 0.999885
948; 1417730366640821694; 1; 0; 0.285843; -0.151703; 10.383453
949; 1417730366641584633; 4; 0; 0.005264; 0.008286; -0.002518
950; 1417730366641584633; 9; 3; 0.255627; -0.150448; 9.802163
951; 1417730366641584633; 10; 3; 0.016638; 0.006737; 0.060611
952; 1417730366641584633; 15; 3; -0.007674; -0.013029; 0.000120; 0.999886
953; 1417730366645521401; 1; 0; 0.341782; -0.168365; 10.357269
954; 1417730366646253823; 4; 0; 0.003128; 0.012558; -0.002518
955; 1417730366646253823; 9; 3; 0.255721; -0.150328; 9.802163
956; 1417730366646253823; 10; 3; 0.072469; -0.010047; 0.034124
957; 1417730366646253823; 15; 3; -0.007668; -0.013034; 0.000120; 0.999886
958; 1417730366650556801; 1; 0; 0.334641; -0.161224; 10.306091
959; 1417730366651289223; 4; 0; 0.005264; 0.007217; -0.003586
960; 1417730366651289223; 9; 3; 0.255758; -0.150144; 9.802165
961; 1417730366651289223; 10; 3; 0.065292; -0.003102; -0.016929
962; 1417730366654310463; 1; 0; 0.312027; -0.196930; 10.383453
963; 1417730366651289223; 15; 3; -0.007659; -0.013036; 0.000119; 0.999886
964; 1417730366655042885; 4; 0; 0.004196; 0.004013; 0.000687
965; 1417730366655042885; 9; 3; 0.255878; -0.150269; 9.802159
966; 1417730366655042885; 10; 3; 0.042539; -0.038668; 0.059922
967; 1417730366655042885; 15; 3; -0.007665; -0.013042; 0.000119; 0.999886
968; 1417730366658308266; 2; 3; 3.959656; 15.179443; -18.778992
969; 1417730366658308266; 14; 3; 3.387451; 19.575500; -11.854553; -1.739502; 5.758667; 7.258606
970; 1417730366660597084; 1; 0; 0.327499; -0.170746; 10.303711
971; 1417730366661329506; 4; 0; 0.004196; 0.008286; -0.000381
972; 1417730366661329506; 9; 3; 0.255964; -0.150113; 9.802160
973; 1417730366661329506; 10; 3; 0.057925; -0.012650; -0.019670
974; 1417730366661329506; 15; 3; -0.007657; -0.013046; 0.000119; 0.999886
975; 1417730366665601967; 1; 0; 0.313217; -0.215973; 10.364410
976; 1417730366666334389; 4; 0; 0.004196; -0.000259; -0.000381
977; 1417730366666334389; 9; 3; 0.256105; -0.150361; 9.802153
978; 1417730366666334389; 10; 3; 0.043485; -0.057611; 0.040680
979; 1417730366669142006; 6; 3; 950.807434; 0.000000; 0.000000
980; 1417730366666334389; 15; 3; -0.007670; -0.013054; 0.000119; 0.999885
981; 1417730366671064614; 1; 0; 0.298935; -0.188599; 10.250153
982; 1417730366671797036; 4; 0; 0.003128; 0.005081; -0.001450
983; 1417730366671797036; 9; 3; 0.256223; -0.150412; 9.802148
984; 1417730366671797036; 10; 3; 0.029094; -0.030192; -0.072972
985; 1417730366674757241; 2; 3; 4.139709; 15.238953; -18.778992
986; 1417730366674757241; 14; 3; 2.709961; 22.274780; -10.867310; -1.739502; 5.758667; 7.258606
987; 1417730366676649331; 1; 0; 0.238235; -0.142181; 10.315613
988; 1417730366671797036; 15; 3; -0.007672; -0.013060; 0.000119; 0.999885
989; 1417730366677381752; 4; 0; 0.003128; 0.007217; -0.001450
990; 1417730366677381752; 9; 3; 0.255643; -0.150113; 9.802168
991; 1417730366677381752; 10; 3; -0.030993; 0.015909; -0.007462
992; 1417730366677381752; 15; 3; -0.007657; -0.013030; 0.000119; 0.999886
993; 1417730366680769204; 1; 0; 0.248947; -0.176697; 10.344177
994; 1417730366681501625; 4; 0; 0.003128; 0.007217; -0.001450
995; 1417730366681501625; 9; 3; 0.255190; -0.150131; 9.802179
996; 1417730366681501625; 10; 3; -0.019809; -0.018585; 0.020918
997; 1417730366681501625; 15; 3; -0.007658; -0.013007; 0.000120; 0.999886
998; 1417730366685804604; 1; 0; 0.333450; -0.210022; 10.256104
999; 1417730366686537026; 4; 0; 0.005264; 0.006149; -0.002518
1000; 1417730366686537026; 9; 3; 0.255389; -0.150341; 9.802171