# Device Information: 
# Manufacturer:LGE
# Model: Nexus 4
# API-level: 21
# LGE Accelerometer Sensor: 
#     Resolution: 0.0011901855
#     Minimal Delay: 5000
#     Sensor Type: 1
# LGE Magnetometer Sensor: 
#     Resolution: 0.14953613
#     Minimal Delay: 20000
#     Sensor Type: 2
# Orientation: 
#     Resolution: 0.1
#     Minimal Delay: 5000
#     Sensor Type: 3
# LGE Proximity Sensor: 
#     Resolution: 0.10070801
#     Minimal Delay: 50000
#     Sensor Type: 8
# LGE Light Sensor: 
#     Resolution: 0.009994507
#     Minimal Delay: 50000
#     Sensor Type: 5
# LGE Gyroscope Sensor: 
#     Resolution: 0.0010681152
#     Minimal Delay: 5000
#     Sensor Type: 4
# LGE Barometer Sensor: 
#     Resolution: 0.009994507
#     Minimal Delay: 33333
#     Sensor Type: 6
# LGE Magnetometer Sensor: 
#     Resolution: 0.14953613
#     Minimal Delay: 20000
#     Sensor Type: 14
# LGE Gyroscope Sensor: 
#     Resolution: 0.0010681152
#     Minimal Delay: 5000
#     Sensor Type: 16
# Gravity: 
#     Resolution: 0.0011901855
#     Minimal Delay: 5000
#     Sensor Type: 9
# Linear Acceleration: 
#     Resolution: 0.0011901855
#     Minimal Delay: 5000
#     Sensor Type: 10
# Rotation Vector: 
#     Resolution: 5.9604645E-8
#     Minimal Delay: 5000
#     Sensor Type: 11
# Significant Motion: 
#     Resolution: 1.0
#     Minimal Delay: -1
#     Sensor Type: 17
# Game Rotation Vector: 
#     Resolution: 5.9604645E-8
#     Minimal Delay: 5000
#     Sensor Type: 15
# sample; timestamp; type; accuracy; data1; ...; dataN
#------------------------------------------------------------------
0; 1420300351746081582; 10; 3; -1.400069; -4.355220; -0.442416
1; 1420300351750964395; 10; 3; 0.301873; -2.532965; -0.520102
2; 1420300351755999795; 10; 3; 2.300358; 0.294044; -0.411424
3; 1420300351761035195; 10; 3; 3.495192; 2.427382; -0.350168
4; 1420300351766040078; 10; 3; 3.132016; 2.647318; -0.270236
5; 1420300351769183389; 10; 3; 0.907969; -0.163941; -0.258987
6; 1420300351774554482; 10; 3; -1.240591; -3.880304; -0.313391
7; 1420300351779620400; 10; 3; 0.144183; -2.525132; -0.589429
8; 1420300351784777871; 10; 3; 2.910013; 1.651826; -0.548729
9; 1420300351789904824; 10; 3; 0.725458; -1.121846; -0.413003
10; 1420300351795825234; 10; 3; -0.186270; -2.823606; -0.640085
11; 1420300351800219766; 10; 3; 2.500747; 1.050767; -0.671771
12; 1420300351805407754; 10; 3; -0.003306; -2.470627; -0.536973
13; 1420300351810534707; 10; 3; 1.502702; -0.160482; -0.732336
14; 1420300351815692178; 10; 3; 0.980623; -1.350008; -0.521707
15; 1420300351820880166; 10; 3; 0.989752; -0.631091; -0.644883
16; 1420300351826037637; 10; 3; 0.928118; -1.201073; -0.507026
17; 1420300351831195107; 10; 3; 1.073514; -0.247989; -0.555048
18; 1420300351836352578; 10; 3; 0.474698; -1.637299; -0.569037
19; 1420300351841693154; 10; 3; 1.212441; 0.252903; -0.459141
20; 1420300351846637002; 10; 3; 0.349471; -1.439178; -0.507717
21; 1420300351851641885; 10; 3; 0.806152; -0.542763; -0.479955
22; 1420300351856677285; 10; 3; 0.727134; -0.219978; -0.424135
23; 1420300351861743203; 10; 3; 0.167614; -1.369376; -0.446494
24; 1420300351866778604; 10; 3; 0.469170; -0.453365; -0.364091
25; 1420300351871814004; 10; 3; 0.481829; -0.089535; -0.545171
26; 1420300351876818887; 10; 3; -0.062161; -0.870877; -0.488515
27; 1420300351881854287; 10; 3; 0.115673; -0.816300; -0.514060
28; 1420300351886920205; 10; 3; 0.624044; -0.201691; -0.746802
29; 1420300351891925088; 10; 3; 0.509037; -0.337004; -0.839220
30; 1420300351896991006; 10; 3; 0.360118; -0.799491; -0.639902
31; 1420300351902203560; 10; 3; 0.483940; -0.941289; -0.631461
32; 1420300351907299996; 10; 3; 0.891524; -0.587489; -0.649364
33; 1420300351912243843; 10; 3; 0.889855; -0.424687; -0.702880
34; 1420300351917279244; 10; 3; 0.632293; -0.587182; -0.563193
35; 1420300351922314644; 10; 3; 0.518479; -0.862196; -0.527153
36; 1420300351927319527; 10; 3; 0.674841; -0.743855; -0.555783
37; 1420300351932415963; 10; 3; 0.676559; -0.587088; -0.636838
38; 1420300351937451363; 10; 3; 0.546175; -0.561625; -0.701662
39; 1420300351942547799; 10; 3; 0.395861; -0.608267; -0.606982
40; 1420300351948712349; 10; 3; 0.344404; -0.626126; -0.521794
41; 1420300351951642037; 10; 3; 0.340847; -0.619217; -0.516314
42; 1420300351957592965; 10; 3; 0.328386; -0.499310; -0.525280
43; 1420300351962628365; 10; 3; 0.352671; -0.453726; -0.489495
44; 1420300351967663765; 10; 3; 0.370990; -0.413301; -0.464894
45; 1420300351970807076; 10; 3; 0.367669; -0.408771; -0.460457
46; 1420300351976147652; 10; 3; 0.441271; -0.512449; -0.463661
47; 1420300351981213570; 10; 3; 0.484545; -0.437045; -0.404843
48; 1420300351986371041; 10; 3; 0.451950; -0.468222; -0.278851
49; 1420300351991497994; 10; 3; 0.394811; -0.414043; -0.311373
50; 1420300351996685982; 10; 3; 0.408432; -0.416856; -0.112971
51; 1420300352001843453; 10; 3; 0.325627; -0.654247; -0.222916
52; 1420300352007000924; 10; 3; 0.447520; -0.521723; -0.209120
53; 1420300352012158394; 10; 3; 0.657686; 0.129290; -0.175344
54; 1420300352017315865; 10; 3; 0.223876; -0.454388; -0.059158
55; 1420300352022473336; 10; 3; 0.859929; 0.671723; 0.017832
56; 1420300352027630806; 10; 3; -0.076763; -1.296277; -0.090141
57; 1420300352032788277; 10; 3; 0.711647; 0.414825; -0.056208
58; 1420300352037945748; 10; 3; -0.295608; -1.252098; -0.097495
59; 1420300352043316842; 10; 3; 0.969442; 0.604393; -0.178030
60; 1420300352048230172; 10; 3; -0.541512; -1.786548; -0.149298
61; 1420300352053265572; 10; 3; 1.498380; 1.387604; -0.305961
62; 1420300352058300972; 10; 3; -0.657144; -2.204300; -0.117015
63; 1420300352063305855; 10; 3; 0.852477; 0.385302; -0.400718
64; 1420300352068371773; 10; 3; 1.051181; 0.455989; -0.075827
65; 1420300352073407174; 10; 3; -1.178976; -2.778696; -0.372306
66; 1420300352078412056; 10; 3; 1.536333; 1.332541; -0.253360
67; 1420300352083477974; 10; 3; 1.010755; 0.527031; -0.091960
68; 1420300352088513375; 10; 3; -1.709762; -3.096979; -0.406381
69; 1420300352093518258; 10; 3; 0.899855; 0.394112; -0.417195
70; 1420300352098614693; 10; 3; 2.101052; 2.258178; -0.115203
71; 1420300352103619576; 10; 3; -1.078537; -2.041779; -0.074070
72; 1420300352108777047; 10; 3; -1.451238; -2.839960; -0.352746
73; 1420300352113659859; 10; 3; 1.779752; 1.504650; -0.353800
74; 1420300352118725777; 10; 3; 1.970174; 2.267750; -0.135022
75; 1420300352123761177; 10; 3; -1.125747; -1.957848; -0.374755
76; 1420300352128766060; 10; 3; -1.930878; -3.559548; -0.654011
77; 1420300352133801461; 10; 3; 0.841314; 0.008193; -0.681255
78; 1420300352138836861; 10; 3; 2.691271; 3.047848; -0.403090
79; 1420300352143902779; 10; 3; 0.803805; 0.923521; -0.305879
80; 1420300352149121285; 10; 3; -1.964897; -3.048117; -0.379858
81; 1420300352153973580; 10; 3; -1.801367; -3.334031; -0.621221
82; 1420300352158978463; 10; 3; 0.997464; 0.294347; -0.454664
83; 1420300352164044381; 10; 3; 2.823778; 3.208150; -0.085054
84; 1420300352169079781; 10; 3; 1.567947; 1.847514; 0.045771
85; 1420300352172284127; 10; 3; 1.556048; 1.834100; 0.045081
86; 1420300352177563668; 10; 3; -2.269318; -4.037066; -0.253167
87; 1420300352182599068; 10; 3; -0.405327; -1.950791; -0.263013
88; 1420300352187787056; 10; 3; 2.281358; 1.827658; -0.166160
89; 1420300352192944527; 10; 3; 2.943837; 3.342132; 0.157190
90; 1420300352198101998; 10; 3; 1.035924; 1.111620; 0.237418
91; 1420300352203259468; 10; 3; -1.491055; -2.618305; 0.004153
92; 1420300352208416939; 10; 3; -2.274762; -4.299016; -0.301757
93; 1420300352213543892; 10; 3; -0.578837; -2.385842; -0.454340
94; 1420300352218731881; 10; 3; 1.967422; 1.298858; -0.187602
95; 1420300352223889351; 10; 3; 2.961731; 3.368591; -0.020906
96; 1420300352229046822; 10; 3; 1.671901; 2.153586; 0.061878
97; 1420300352234204293; 10; 3; -0.952483; -1.267265; 0.010549
98; 1420300352239361763; 10; 3; -2.537543; -3.952382; -0.223604
99; 1420300352244732857; 10; 3; -1.944338; -3.517616; -0.266928
100; 1420300352250195504; 10; 3; 0.269653; -0.562913; -0.276781
101; 1420300352254681588; 10; 3; 2.352618; 2.709405; 0.028874
102; 1420300352259716988; 10; 3; 2.640937; 3.592067; 0.208422
103; 1420300352264752388; 10; 3; 0.918641; 1.504798; 0.117090
104; 1420300352269787789; 10; 3; -1.424843; -1.973679; 0.045123
105; 1420300352274823189; 10; 3; -2.542313; -4.112494; -0.212199
106; 1420300352279828072; 10; 3; -1.504275; -3.236392; -0.340205
107; 1420300352284893990; 10; 3; 0.921064; 0.013517; -0.389350
108; 1420300352289929390; 10; 3; 2.768296; 2.928387; -0.335298
109; 1420300352294934273; 10; 3; 2.629490; 3.357901; -0.063859
110; 1420300352300000191; 10; 3; 0.661613; 0.928373; -0.009228
111; 1420300352305035592; 10; 3; -1.651532; -2.465601; -0.123878
112; 1420300352310193062; 10; 3; -2.630992; -4.269336; -0.303700
113; 1420300352315106392; 10; 3; -1.490560; -3.121632; -0.373287
114; 1420300352320141793; 10; 3; 0.839952; 0.079497; -0.329605
115; 1420300352325177193; 10; 3; 2.529194; 2.939359; -0.159210
116; 1420300352330212593; 10; 3; 2.459665; 3.507015; -0.065229
117; 1420300352335217476; 10; 3; 0.564983; 1.297008; -0.017871
118; 1420300352340252877; 10; 3; -1.673578; -2.108956; -0.309360
119; 1420300352345318795; 10; 3; -2.618015; -4.219242; -0.527469
120; 1420300352350354195; 10; 3; -1.596998; -3.500878; -0.818460
121; 1420300352355389595; 10; 3; 0.754516; -0.500300; -0.702833
122; 1420300352360394478; 10; 3; 2.764406; 2.563776; -0.502316
123; 1420300352365460396; 10; 3; 2.776265; 3.175296; -0.197044
124; 1420300352370495797; 10; 3; 0.249475; 0.010942; -0.093785
125; 1420300352373700142; 10; 3; -1.984269; -3.399477; -0.126907
126; 1420300352379010201; 10; 3; 0.083700; -0.596395; -0.241707
127; 1420300352384045601; 10; 3; 2.020568; 2.255890; -0.072801
128; 1420300352389203072; 10; 3; -0.958129; -1.935637; -0.013482
129; 1420300352394330025; 10; 3; -0.053919; -0.241903; -0.116207
130; 1420300352399518013; 10; 3; 1.004889; 0.871779; -0.019186
131; 1420300352404675484; 10; 3; -0.933527; -1.746851; -0.220747
132; 1420300352409832955; 10; 3; 0.961413; 1.264042; -0.197270
133; 1420300352414990426; 10; 3; -0.716377; -1.579492; -0.242585
134; 1420300352420147896; 10; 3; 0.751478; 0.919243; -0.439312
135; 1420300352425305367; 10; 3; -0.407395; -1.175327; -0.091992
136; 1420300352430432320; 10; 3; 0.487815; 0.172144; -0.303258
137; 1420300352435620308; 10; 3; 0.060611; -0.314160; -0.174979
138; 1420300352440777779; 10; 3; 0.011225; -0.920918; -0.353034
139; 1420300352446087838; 10; 3; 0.437056; 0.518960; -0.227142
140; 1420300352451062203; 10; 3; -0.086603; -0.836880; -0.275965
141; 1420300352456097603; 10; 3; 0.055910; -0.490194; -0.161208
142; 1420300352461133004; 10; 3; 0.325172; 0.342430; -0.148749
143; 1420300352466168404; 10; 3; 0.080767; -0.379132; -0.142275
144; 1420300352471203804; 10; 3; -0.147203; -0.694371; -0.113437
145; 1420300352476239205; 10; 3; 0.275311; 0.065861; -0.236113
146; 1420300352481274605; 10; 3; 0.387740; 0.123564; -0.303619
147; 1420300352486310006; 10; 3; -0.045294; -0.383652; -0.261087
148; 1420300352491345406; 10; 3; 0.018119; -0.583797; -0.072335
149; 1420300352496350289; 10; 3; 0.468820; -0.215734; -0.121343
150; 1420300352501416207; 10; 3; 0.484904; -0.064961; -0.189196
151; 1420300352506451607; 10; 3; 0.240164; -0.294974; -0.081665
152; 1420300352511578560; 10; 3; 0.157096; -0.516827; 0.058626
153; 1420300352516491890; 10; 3; 0.314295; -0.530553; 0.141792
154; 1420300352521557808; 10; 3; 0.376100; -0.424740; 0.010461
155; 1420300352526593209; 10; 3; 0.406071; -0.338479; 0.139321
156; 1420300352531628609; 10; 3; 0.379332; -0.291868; 0.252449
157; 1420300352536633492; 10; 3; 0.250724; -0.297797; 0.275402
158; 1420300352541699410; 10; 3; 0.048735; -0.301504; 0.208554
159; 1420300352546795845; 10; 3; -0.039420; -0.214067; 0.073456
160; 1420300352553051949; 10; 3; -0.193148; -0.104474; -0.655796
161; 1420300352556012154; 10; 3; -0.192886; -0.104085; -0.652508
162; 1420300352561841011; 10; 3; -0.165020; -0.080715; -0.871748
163; 1420300352566876412; 10; 3; 0.107783; -0.317656; -1.415391
164; 1420300352571911812; 10; 3; -0.778160; 1.507029; -6.467247
165; 1420300352575116158; 10; 3; 0.115371; -0.407408; -1.041937
166; 1420300352580426217; 10; 3; -0.570845; -1.095835; -1.467722
167; 1420300352585431099; 10; 3; -0.418736; -0.703785; -0.240849
168; 1420300352590619088; 10; 3; 0.237876; -0.389887; 0.565706
169; 1420300352595746041; 10; 3; 0.180798; -0.198118; 0.751091
170; 1420300352600934029; 10; 3; -0.079857; -0.173427; 1.311927
171; 1420300352606091500; 10; 3; -0.294904; -0.180122; 1.151992
172; 1420300352611218453; 10; 3; -0.202739; -0.077518; 0.985055
173; 1420300352616406441; 10; 3; 0.128950; 0.073648; 0.773893
174; 1420300352621563912; 10; 3; 0.369452; 0.197948; 0.460598
175; 1420300352626690865; 10; 3; 0.417462; -0.001352; 0.298198
176; 1420300352631878853; 10; 3; 0.390981; -0.150899; 0.197445
177; 1420300352637036324; 10; 3; 0.397608; -0.313978; -0.014374
178; 1420300352642193795; 10; 3; 0.313902; -0.303412; -0.041446
179; 1420300352647534371; 10; 3; 0.423248; -0.251273; -0.317510
180; 1420300352652447701; 10; 3; 0.289526; -0.218955; -0.451175
181; 1420300352657513619; 10; 3; 0.380109; -0.560278; -0.550581
182; 1420300352662518502; 10; 3; 0.143651; -0.497004; -0.518338
183; 1420300352667584420; 10; 3; 0.058016; -0.374918; -0.270107
184; 1420300352672619820; 10; 3; -0.125526; -0.200834; 0.019063
185; 1420300352677655220; 10; 3; -0.068440; -0.134124; 0.357969
186; 1420300352682660103; 10; 3; -0.169831; -0.110582; 0.500350
187; 1420300352687726021; 10; 3; -0.154344; 0.005038; 0.659250
188; 1420300352692730904; 10; 3; -0.148978; -0.036686; 0.552820
189; 1420300352697766304; 10; 3; -0.146522; -0.168639; 0.440358
190; 1420300352702844453; 10; 3; -0.023502; -0.199404; 0.501579
191; 1420300352707849336; 10; 3; 0.144976; -0.267770; 0.317920
192; 1420300352712976289; 10; 3; 0.260023; -0.184890; 0.226535
193; 1420300352717950655; 10; 3; 0.346988; -0.181855; 0.173594
194; 1420300352722955537; 10; 3; 0.369971; -0.204687; 0.192714
195; 1420300352728021455; 10; 3; 0.270046; -0.154596; 0.203593
196; 1420300352733026338; 10; 3; 0.241800; -0.198811; 0.159619
197; 1420300352738031221; 10; 3; 0.262014; -0.188783; 0.151092
198; 1420300352743127657; 10; 3; 0.332728; -0.147293; 0.158981
199; 1420300352748163057; 10; 3; 0.211270; -0.142059; 0.004288
200; 1420300352753381563; 10; 3; 0.094241; -0.161137; -0.058542
201; 1420300352758233858; 10; 3; 0.014638; -0.135905; -0.101695
202; 1420300352763299776; 10; 3; -0.014936; -0.144917; -0.287402
203; 1420300352768304658; 10; 3; -0.022473; -0.092290; -0.201984
204; 1420300352773309541; 10; 3; 0.072886; -0.152735; -0.287121
205; 1420300352776513887; 10; 3; 0.070655; -0.151880; -0.286552
206; 1420300352781854463; 10; 3; 0.146900; -0.176394; -0.221041
207; 1420300352786889864; 10; 3; 0.184220; -0.233491; -0.219643
208; 1420300352792016817; 10; 3; 0.268070; -0.332493; -0.235948
209; 1420300352797204805; 10; 3; 0.262711; -0.314184; -0.379334
210; 1420300352802392793; 10; 3; 0.146658; -0.326967; -0.454193
211; 1420300352807519746; 10; 3; 0.163963; -0.332528; -0.432855
212; 1420300352812677217; 10; 3; 0.048147; -0.284511; -0.383558
213; 1420300352817865205; 10; 3; 0.111324; -0.305139; -0.297137
214; 1420300352822992158; 10; 3; 0.075055; -0.274284; -0.355374
215; 1420300352828149629; 10; 3; 0.067787; -0.154186; -0.262517
216; 1420300352833276582; 10; 3; 0.050256; -0.153840; -0.259874
217; 1420300352838464571; 10; 3; 0.144609; -0.122211; -0.262919
218; 1420300352843622041; 10; 3; 0.043400; -0.146041; -0.167154
219; 1420300352848962617; 10; 3; 0.097232; -0.135072; -0.156600
220; 1420300352854394746; 10; 3; 0.111343; -0.205773; -0.177308
221; 1420300352858941865; 10; 3; 0.103243; -0.148321; -0.147786
222; 1420300352863946748; 10; 3; 0.143849; -0.131436; -0.126600
223; 1420300352869043184; 10; 3; 0.168067; -0.156363; -0.051633
224; 1420300352874048067; 10; 3; 0.095353; -0.185104; -0.029606
225; 1420300352879052949; 10; 3; 0.099060; -0.170236; -0.124318
226; 1420300352884118867; 10; 3; 0.091037; -0.190165; -0.174109
227; 1420300352889123750; 10; 3; 0.023769; -0.235147; -0.158062
228; 1420300352894159151; 10; 3; 0.064720; -0.236195; -0.049366
229; 1420300352899194551; 10; 3; 0.067638; -0.207619; -0.169891
230; 1420300352904260469; 10; 3; 0.043342; -0.195729; -0.129928
231; 1420300352909326387; 10; 3; 0.006175; -0.163647; -0.221899
232; 1420300352914453340; 10; 3; 0.017673; -0.180211; -0.239020
233; 1420300352919366670; 10; 3; 0.023130; -0.170485; -0.359552
234; 1420300352924402071; 10; 3; 0.074887; -0.199780; -0.172792
235; 1420300352929437471; 10; 3; 0.083916; -0.194432; -0.202838
236; 1420300352934472871; 10; 3; 0.062264; -0.155785; -0.158283
237; 1420300352939477754; 10; 3; 0.018202; -0.203768; -0.031033
238; 1420300352944543672; 10; 3; 0.060827; -0.243272; -0.063185
239; 1420300352949579073; 10; 3; 0.115079; -0.177144; -0.033425
240; 1420300352954614473; 10; 3; 0.154863; -0.164670; -0.059416
241; 1420300352959619356; 10; 3; 0.193303; -0.121378; -0.101972
242; 1420300352964685274; 10; 3; 0.268357; -0.155246; -0.001038
243; 1420300352969720674; 10; 3; 0.219826; -0.169886; -0.071524
244; 1420300352974756074; 10; 3; 0.246103; -0.187900; -0.029361
245; 1420300352977838350; 10; 3; 0.221291; -0.200045; 0.020016
246; 1420300352983270479; 10; 3; 0.229448; -0.184676; 0.014273
247; 1420300352988305879; 10; 3; 0.191249; -0.233487; 0.053766
248; 1420300352993432832; 10; 3; 0.206459; -0.214593; 0.055305
249; 1420300352998590303; 10; 3; 0.092382; -0.143696; 0.028623
250; 1420300353003808809; 10; 3; 0.115197; -0.145510; -0.015534
251; 1420300353008935762; 10; 3; 0.022895; -0.222169; 0.026096
252; 1420300353014093233; 10; 3; 0.040043; -0.146891; -0.006837
253; 1420300353019250703; 10; 3; 0.102379; -0.134874; -0.035821
254; 1420300353024408174; 10; 3; 0.105452; -0.164546; -0.046658
255; 1420300353029565645; 10; 3; 0.128848; -0.143239; -0.077369
256; 1420300353034723115; 10; 3; 0.204520; -0.186152; 0.006085
257; 1420300353039880586; 10; 3; 0.213666; -0.219476; 0.011048
258; 1420300353045038057; 10; 3; 0.265543; -0.231338; 0.007689
259; 1420300353050378633; 10; 3; 0.250899; -0.238441; -0.052558
260; 1420300353055322481; 10; 3; 0.198271; -0.207503; -0.056965
261; 1420300353060357881; 10; 3; 0.194289; -0.224084; 0.078553
262; 1420300353065393282; 10; 3; 0.157992; -0.225079; 0.112568
263; 1420300353070428682; 10; 3; 0.008571; -0.176084; 0.028695
264; 1420300353075464082; 10; 3; -0.145877; -0.148443; -0.113374
265; 1420300353080499483; 10; 3; -0.142837; -0.101740; -0.169924
266; 1420300353085504365; 10; 3; -0.089530; -0.104859; -0.270516
267; 1420300353090570283; 10; 3; 0.004737; -0.181432; -0.303367
268; 1420300353095605684; 10; 3; 0.065904; -0.155684; -0.348069
269; 1420300353100671602; 10; 3; 0.180115; -0.284291; -0.510013
270; 1420300353105676485; 10; 3; 0.271693; -0.303431; -0.653471
271; 1420300353110772920; 10; 3; 0.371993; -0.035477; -3.096883
272; 1420300353115869356; 10; 3; 0.069625; 0.073796; -1.734632
273; 1420300353120752168; 10; 3; -0.375547; -0.620442; -1.022199
274; 1420300353125848604; 10; 3; -0.501952; -0.493877; -0.647648
275; 1420300353130853487; 10; 3; -0.248036; -0.212783; 0.024608
276; 1420300353135858369; 10; 3; -0.212462; -0.006867; 0.394921
277; 1420300353140893770; 10; 3; -0.305589; 0.085287; 0.620152
278; 1420300353145929170; 10; 3; -0.381170; 0.125072; 0.707977
279; 1420300353151056123; 10; 3; -0.312043; 0.114043; 0.597849
280; 1420300353157342744; 10; 3; 0.250158; 0.062216; 0.563630
281; 1420300353160241914; 10; 3; 0.245165; 0.062153; 0.561582
282; 1420300353166040254; 10; 3; 0.268078; 0.011620; 0.647324
283; 1420300353171106172; 10; 3; 0.274200; -0.091523; 0.568984
284; 1420300353176141573; 10; 3; 0.279837; -0.146215; 0.377998
285; 1420300353179315401; 10; 3; 0.248802; -0.126330; 0.182420
286; 1420300353184625459; 10; 3; 0.167736; -0.178465; -0.101279
287; 1420300353189691377; 10; 3; 0.151412; -0.302639; -0.200545
288; 1420300353194848848; 10; 3; 0.304272; -0.349055; -0.178955
289; 1420300353200036836; 10; 3; 0.492883; -0.321809; -0.146607
290; 1420300353205163789; 10; 3; 0.493497; -0.278525; 0.141802
291; 1420300353210321260; 10; 3; 0.377732; -0.316895; 0.444104
292; 1420300353215478731; 10; 3; 0.339725; -0.289783; 0.531716
293; 1420300353220636201; 10; 3; 0.328350; -0.199893; 0.654754
294; 1420300353225793672; 10; 3; 0.228581; -0.253912; 0.754988
295; 1420300353230951143; 10; 3; 0.125055; -0.109450; 0.739531
296; 1420300353236108614; 10; 3; -0.088910; -0.071794; 0.748185
297; 1420300353241266084; 10; 3; -0.256241; -0.008596; 0.609366
298; 1420300353246423555; 10; 3; -0.402136; 0.072300; 0.444621
299; 1420300353251825166; 10; 3; -0.395064; 0.121391; -0.033953
300; 1420300353256738496; 10; 3; -0.124588; 0.019459; -0.357735
301; 1420300353261773897; 10; 3; 0.017492; -0.084981; -0.559869
302; 1420300353266809297; 10; 3; 0.124361; -0.231251; -0.820764
303; 1420300353271814180; 10; 3; 0.623795; -0.367237; -4.462905
304; 1420300353276849580; 10; 3; 0.366284; -0.020639; -2.424788
305; 1420300353281915498; 10; 3; 0.171073; -0.931868; -1.842721
306; 1420300353286950899; 10; 3; 0.198617; -0.790992; -1.379322
307; 1420300353291986299; 10; 3; 0.369607; -0.551056; -0.380221
308; 1420300353297021699; 10; 3; 0.291507; -0.397203; -0.052130
309; 1420300353302026582; 10; 3; 0.129608; -0.156439; 0.735390
310; 1420300353307061983; 10; 3; -0.222414; -0.042353; 1.091470
311; 1420300353312127901; 10; 3; -0.457606; 0.171308; 1.073420
312; 1420300353317224336; 10; 3; -0.484277; 0.345910; 0.996922
313; 1420300353322198701; 10; 3; -0.299864; 0.372877; 0.859936
314; 1420300353327203584; 10; 3; -0.121232; 0.269461; 0.551797
315; 1420300353332208467; 10; 3; -0.034238; 0.021791; 0.430245
316; 1420300353337243867; 10; 3; 0.116409; -0.070932; 0.246157
317; 1420300353342309785; 10; 3; 0.183702; -0.107898; -0.054347
318; 1420300353347375703; 10; 3; 0.226757; -0.115387; -0.492248
319; 1420300353352380586; 10; 3; 0.091922; -0.159933; -0.880856
320; 1420300353357568574; 10; 3; 0.106674; -0.269885; -0.871431
321; 1420300353362451387; 10; 3; 0.193561; -0.348887; -0.721511
322; 1420300353367517305; 10; 3; 0.305635; -0.375762; -0.371935
323; 1420300353372522188; 10; 3; 0.358757; -0.338411; -0.069691
324; 1420300353377557588; 10; 3; 0.213969; -0.288301; 0.170418
325; 1420300353380731416; 10; 3; 0.218969; -0.286175; 0.167273
326; 1420300353386041475; 10; 3; 0.098451; -0.235269; 0.287383
327; 1420300353391137910; 10; 3; -0.018037; -0.182470; 0.283232
328; 1420300353396264864; 10; 3; -0.053314; -0.123958; 0.320810
329; 1420300353401422334; 10; 3; -0.024643; -0.119917; 0.191520
330; 1420300353406610323; 10; 3; 0.078535; -0.222954; 0.197144
331; 1420300353411737276; 10; 3; 0.150139; -0.242231; 0.225679
332; 1420300353416894746; 10; 3; 0.302291; -0.282278; 0.205537
333; 1420300353422082735; 10; 3; 0.339218; -0.315678; 0.259001
334; 1420300353427179170; 10; 3; 0.385001; -0.233212; 0.262374
335; 1420300353432397676; 10; 3; 0.095483; -0.037535; -0.098822
336; 1420300353437555147; 10; 3; -0.113566; -0.011503; -0.231207
337; 1420300353442682100; 10; 3; -0.086314; 0.035190; -0.407075
338; 1420300353447870088; 10; 3; -0.194425; 0.067932; -0.373183
339; 1420300353453241182; 10; 3; -0.149827; 0.073436; -0.206703
340; 1420300353458734346; 10; 3; -0.085260; -0.013936; -0.047235
341; 1420300353463189912; 10; 3; 0.017080; -0.022455; 0.170631
342; 1420300353468225313; 10; 3; 0.007855; -0.070891; 0.123536
343; 1420300353473260713; 10; 3; -0.027208; -0.117839; 0.140298
344; 1420300353478296114; 10; 3; -0.000554; -0.058769; -0.000183
345; 1420300353483331514; 10; 3; 0.045822; -0.131096; -0.163927
346; 1420300353488366914; 10; 3; 0.026117; -0.131094; -0.230548
347; 1420300353493402315; 10; 3; 0.001908; -0.180864; -0.439636
348; 1420300353498407198; 10; 3; -0.026045; -0.240795; -0.447169
349; 1420300353503442598; 10; 3; -0.001145; -0.200256; -0.448746
350; 1420300353508477998; 10; 3; -0.054392; -0.165076; -0.418444
351; 1420300353513513399; 10; 3; -0.031339; -0.150650; -0.390820
352; 1420300353518670869; 10; 3; 0.012150; -0.111814; -0.226958
353; 1420300353523614717; 10; 3; 0.072790; -0.103428; -0.335226
354; 1420300353528650117; 10; 3; 0.057043; -0.114869; -0.185162
355; 1420300353533655000; 10; 3; 0.067585; -0.154624; -0.123629
356; 1420300353538659883; 10; 3; 0.143830; -0.126632; -0.008769
357; 1420300353543725801; 10; 3; 0.069820; -0.108349; 0.041986
358; 1420300353548791719; 10; 3; 0.073873; -0.121265; 0.032642
359; 1420300353553796602; 10; 3; 0.045183; -0.076306; -0.027066
360; 1420300353558832002; 10; 3; 0.010894; -0.127896; -0.146645
361; 1420300353563867403; 10; 3; 0.008670; -0.136829; -0.107605
362; 1420300353568933321; 10; 3; 0.054766; -0.167249; -0.090952
363; 1420300353573907686; 10; 3; 0.177418; -0.173914; 0.007709
364; 1420300353578943086; 10; 3; 0.114226; -0.200747; 0.002832
365; 1420300353582147432; 10; 3; 0.113921; -0.200230; 0.002755
366; 1420300353587488008; 10; 3; 0.151316; -0.217554; 0.066850
367; 1420300353592523408; 10; 3; 0.133763; -0.173146; 0.092896
368; 1420300353597680879; 10; 3; 0.124348; -0.149045; 0.048853
369; 1420300353602838350; 10; 3; 0.061436; -0.102455; 0.095179
370; 1420300353608026338; 10; 3; 0.078286; -0.129580; 0.013136
371; 1420300353613153291; 10; 3; 0.062074; -0.128131; 0.031002
372; 1420300353618310762; 10; 3; 0.063924; -0.142097; 0.030966
373; 1420300353623468233; 10; 3; 0.077860; -0.128682; 0.035606
374; 1420300353628625703; 10; 3; 0.107391; -0.115274; 0.048498
375; 1420300353633813692; 10; 3; 0.049036; -0.111334; 0.094479
376; 1420300353638940645; 10; 3; 0.050226; -0.112179; 0.032352
377; 1420300353644128633; 10; 3; 0.094096; -0.071527; 0.033428
378; 1420300353649255586; 10; 3; -0.001303; -0.053569; 0.066636
379; 1420300353654657198; 10; 3; -0.061120; -0.097507; 0.041796
380; 1420300353659570528; 10; 3; -0.079549; -0.096306; 0.064679
381; 1420300353664575410; 10; 3; -0.083042; -0.026304; 0.027079
382; 1420300353669641328; 10; 3; -0.048944; -0.026552; -0.008005
383; 1420300353674676729; 10; 3; -0.014036; -0.127755; -0.152207
384; 1420300353679712129; 10; 3; -0.049528; -0.060158; -0.214046
385; 1420300353684717012; 10; 3; 0.005249; -0.122183; -0.395608
386; 1420300353689782930; 10; 3; 0.061284; -0.137774; -0.446099
387; 1420300353694818330; 10; 3; 0.091664; -0.193650; -0.669949
388; 1420300353699823213; 10; 3; 0.374886; 0.044006; -3.431122
389; 1420300353704889131; 10; 3; 0.026493; 0.152986; -1.895875
390; 1420300353709955049; 10; 3; -0.377474; -0.709475; -1.287122
391; 1420300353714959932; 10; 3; -0.333491; -0.590358; -0.877933
392; 1420300353720117403; 10; 3; 0.003606; -0.409279; -0.107252
393; 1420300353725000215; 10; 3; 0.087021; -0.231985; 0.223137
394; 1420300353730066133; 10; 3; -0.024891; -0.121208; 0.559154
395; 1420300353735071016; 10; 3; -0.282290; 0.036715; 0.815073
396; 1420300353740075899; 10; 3; -0.421338; 0.111277; 0.859976
397; 1420300353745141817; 10; 3; -0.338232; 0.266692; 0.753383
398; 1420300353750207735; 10; 3; -0.112115; 0.421174; 0.626765
399; 1420300353755304170; 10; 3; -0.012063; 0.332714; 0.438134
400; 1420300353761621309; 10; 3; 0.083830; 0.160687; 0.336632
401; 1420300353764612032; 10; 3; 0.092457; -0.004851; 0.159100
402; 1420300353770349336; 10; 3; 0.244190; -0.075862; 0.076229
403; 1420300353775354219; 10; 3; 0.325804; -0.148512; -0.152449
404; 1420300353780389619; 10; 3; 0.330860; -0.363858; -0.448766
405; 1420300353783593965; 10; 3; 0.382772; -0.425425; -0.418046
406; 1420300353788904024; 10; 3; 0.455557; -0.457361; -0.335905
407; 1420300353793939424; 10; 3; 0.472596; -0.425656; -0.075870
408; 1420300353799127412; 10; 3; 0.336179; -0.310389; 0.225349
409; 1420300353804254365; 10; 3; 0.260972; -0.294038; 0.452451
410; 1420300353809411836; 10; 3; 0.150029; -0.096306; 0.755611
411; 1420300353814569307; 10; 3; 0.237864; -0.179633; 0.894907
412; 1420300353819726778; 10; 3; 0.230871; -0.189427; 1.009499
413; 1420300353824914766; 10; 3; 0.198303; -0.187415; 1.020689
414; 1420300353830072237; 10; 3; 0.061954; -0.145949; 1.077633
415; 1420300353835199190; 10; 3; -0.189550; -0.030204; 0.820638
416; 1420300353840356660; 10; 3; -0.351097; 0.135154; 0.482294
417; 1420300353845514131; 10; 3; -0.414943; 0.235337; 0.100929
418; 1420300353850702119; 10; 3; -0.385858; 0.250719; -0.317085
419; 1420300353856073213; 10; 3; -0.270520; 0.019074; -0.730700
420; 1420300353860956026; 10; 3; -0.130706; -0.076441; -0.742477
421; 1420300353866021944; 10; 3; 0.029687; -0.203979; -0.717074
422; 1420300353871057344; 10; 3; 0.151723; -0.237894; -0.599315
423; 1420300353876092744; 10; 3; 0.452957; -0.431653; -1.072921
424; 1420300353881097627; 10; 3; 0.591252; -0.240171; -3.119279
425; 1420300353886133028; 10; 3; 0.394432; -0.567242; -1.021688
426; 1420300353891198946; 10; 3; -0.064506; -0.857401; -0.491546
427; 1420300353896203828; 10; 3; -0.065057; -0.324885; 0.265160
428; 1420300353901269746; 10; 3; -0.114894; 0.074897; 0.687328
429; 1420300353906274629; 10; 3; -0.322901; 0.330851; 0.936188
430; 1420300353911340547; 10; 3; -0.665709; 0.568378; 1.096824
431; 1420300353916345430; 10; 3; -0.780191; 0.545714; 1.126859
432; 1420300353921502901; 10; 3; -0.695075; 0.466596; 1.016859
433; 1420300353926416231; 10; 3; -0.328440; 0.421937; 0.845633
434; 1420300353931451631; 10; 3; -0.102440; 0.466357; 0.482569
435; 1420300353936456514; 10; 3; -0.037393; 0.203203; -0.123478
436; 1420300353941522432; 10; 3; 0.048659; -0.299115; -0.615843
437; 1420300353946588350; 10; 3; 0.254004; -0.653122; -0.952782
438; 1420300353951593233; 10; 3; 0.616057; -0.694448; -1.039981
439; 1420300353956659151; 10; 3; 0.895515; -0.653396; -0.864063
440; 1420300353961847139; 10; 3; 0.928908; -0.527174; -0.546714
441; 1420300353966821504; 10; 3; 0.749312; -0.489034; -0.068691
442; 1420300353971826387; 10; 3; 0.618491; -0.399009; 0.487296
443; 1420300353976770235; 10; 3; 0.544240; -0.370631; 1.188819
444; 1420300353981805635; 10; 3; 0.471726; -0.248696; 1.848988
445; 1420300353984979463; 10; 3; 0.348204; -0.127741; 2.111461
446; 1420300353990289522; 10; 3; -0.139086; 0.047903; 1.782485
447; 1420300353995385957; 10; 3; -0.725398; 0.240797; 0.832291
448; 1420300354000543428; 10; 3; -1.096869; 0.374645; -0.138726
449; 1420300354005700899; 10; 3; -1.017486; 0.338002; -0.990560
450; 1420300354010858369; 10; 3; -0.838253; 0.246015; -1.449487
451; 1420300354016015840; 10; 3; -0.559509; -0.061229; -1.613219
452; 1420300354021173311; 10; 3; -0.091944; -0.289908; -1.483562
453; 1420300354026300264; 10; 3; 0.357190; -0.476898; -3.628302
454; 1420300354031457735; 10; 3; 0.151684; -0.027865; -2.570510
455; 1420300354036615205; 10; 3; 0.144482; -0.843480; -1.538857
456; 1420300354041772676; 10; 3; 0.055703; -0.746028; -0.714325
457; 1420300354046960664; 10; 3; 0.573534; -0.461456; 0.346948
458; 1420300354052118135; 10; 3; 0.671029; -0.283434; 0.842533
459; 1420300354057458711; 10; 3; -0.272896; 0.058343; 1.108803
460; 1420300354062860323; 10; 3; -0.488776; 0.221923; 0.674874
461; 1420300354067468477; 10; 3; -0.348275; 0.331219; 0.386559
462; 1420300354072442842; 10; 3; -0.061466; 0.337502; 0.053765
463; 1420300354077508760; 10; 3; 0.047641; 0.176262; -0.090704
464; 1420300354082513643; 10; 3; 0.104347; -0.027263; -0.472873
465; 1420300354087579561; 10; 3; -0.050795; 0.205721; -1.026944
466; 1420300354092614961; 10; 3; -0.095870; -0.083061; -1.289310
467; 1420300354097619844; 10; 3; 0.068523; -0.486396; -1.351905
468; 1420300354102655244; 10; 3; 0.310452; -0.630066; -1.023484
469; 1420300354107690645; 10; 3; 0.566239; -0.579209; -0.716001
470; 1420300354112756563; 10; 3; 0.701707; -0.522487; -0.233388
471; 1420300354117761446; 10; 3; 0.612568; -0.436870; 0.148715
472; 1420300354122918916; 10; 3; 0.411426; -0.397533; 0.546323
473; 1420300354127832246; 10; 3; 0.246794; -0.223236; 0.786036
474; 1420300354132867647; 10; 3; 0.122672; -0.067369; 0.873873
475; 1420300354137933565; 10; 3; 0.060216; -0.071221; 0.864711
476; 1420300354142968965; 10; 3; -0.013261; -0.039415; 0.669103
477; 1420300354147973848; 10; 3; -0.121227; -0.101037; 0.463455
478; 1420300354153039766; 10; 3; -0.011994; -0.123560; 0.290730
479; 1420300354158075166; 10; 3; -0.001882; -0.082809; 0.309033
480; 1420300354163110567; 10; 3; 0.029702; -0.041516; 0.152594
481; 1420300354168084932; 10; 3; 0.154447; -0.111146; 0.066041
482; 1420300354173150850; 10; 3; 0.184990; -0.121585; 0.063440
483; 1420300354178186250; 10; 3; 0.253788; -0.257163; 0.055721
484; 1420300354183191133; 10; 3; 0.366077; -0.233928; -0.008964
485; 1420300354186395479; 10; 3; 0.364009; -0.232326; -0.011323
486; 1420300354191736055; 10; 3; 0.377608; -0.234545; 0.137675
487; 1420300354196771455; 10; 3; 0.417872; -0.113633; 0.141143
488; 1420300354201959444; 10; 3; 0.297342; -0.251159; -0.057669
489; 1420300354207147432; 10; 3; 0.198048; -0.217760; -0.260044
490; 1420300354212274385; 10; 3; 0.122098; -0.277317; -0.393849
491; 1420300354217401338; 10; 3; 0.078582; -0.231092; -0.419165
492; 1420300354222589326; 10; 3; -0.020879; -0.186042; -0.356701
493; 1420300354227716280; 10; 3; -0.121016; -0.190838; -0.157983
494; 1420300354232904268; 10; 3; -0.179484; -0.107613; -0.121384
495; 1420300354238031221; 10; 3; -0.259010; -0.016147; -0.005407
496; 1420300354243188692; 10; 3; -0.253100; -0.079224; 0.061504
497; 1420300354248346162; 10; 3; -0.157468; -0.060189; 0.161493
498; 1420300354253534151; 10; 3; -0.176423; -0.012665; -0.035758
499; 1420300354258844209; 10; 3; -0.140722; -0.078003; -0.043949
500; 1420300354263818574; 10; 3; -0.026519; -0.066006; -0.052135
501; 1420300354268823457; 10; 3; 0.081080; -0.086125; -0.013944
502; 1420300354273858858; 10; 3; 0.200307; -0.115815; -0.001753
503; 1420300354278924776; 10; 3; 0.303013; -0.187147; 0.032039
504; 1420300354283960176; 10; 3; 0.328969; -0.164669; 0.078012
505; 1420300354288965059; 10; 3; 0.299838; -0.122277; 0.062633
506; 1420300354294030977; 10; 3; 0.250307; -0.120626; 0.110813
507; 1420300354299035860; 10; 3; 0.192128; -0.139440; -0.005683
508; 1420300354304309411; 10; 3; 0.091874; -0.216612; -0.027741
509; 1420300354309344811; 10; 3; 0.139537; -0.172507; -0.084108
510; 1420300354314410729; 10; 3; 0.077015; -0.207992; -0.078762
511; 1420300354319446130; 10; 3; 0.075347; -0.201642; -0.007265
512; 1420300354324542565; 10; 3; -0.013053; -0.241386; -0.048075
513; 1420300354329516931; 10; 3; 0.027804; -0.170355; -0.054795
514; 1420300354334552331; 10; 3; -0.058851; -0.119466; -0.004843
515; 1420300354339587731; 10; 3; -0.107839; -0.092281; -0.103796
516; 1420300354344623132; 10; 3; -0.175164; -0.074557; -0.042388
517; 1420300354349597497; 10; 3; -0.169352; 0.014453; -0.018003
518; 1420300354354632897; 10; 3; -0.180871; -0.042809; 0.078756
519; 1420300354359790368; 10; 3; -0.149070; 0.001008; 0.054155
520; 1420300354365954919; 10; 3; -0.089066; -0.068029; 0.006835
521; 1420300354368854089; 10; 3; 0.045899; -0.081715; -0.053472
522; 1420300354374805016; 10; 3; 0.082541; -0.125881; 0.003196
523; 1420300354379840417; 10; 3; 0.143866; -0.108369; 0.028040
524; 1420300354384845300; 10; 3; 0.159895; -0.125408; 0.079108
525; 1420300354388049645; 10; 3; 0.206479; -0.101140; 0.152077
526; 1420300354393390222; 10; 3; 0.073927; -0.105418; 0.165504
527; 1420300354398456140; 10; 3; 0.092463; -0.124159; 0.137745
528; 1420300354403613610; 10; 3; 0.034943; -0.044451; 0.060531
529; 1420300354408771081; 10; 3; -0.010597; -0.092123; 0.063279
530; 1420300354413928552; 10; 3; -0.102534; -0.056581; 0.024506
531; 1420300354419086022; 10; 3; 0.009568; -0.055583; 0.158118
532; 1420300354424243493; 10; 3; 0.037539; -0.053490; 0.210865
533; 1420300354429370446; 10; 3; 0.127838; -0.049149; 0.161569
534; 1420300354434558434; 10; 3; 0.120313; -0.121015; 0.258806
535; 1420300354439715905; 10; 3; 0.184137; -0.154857; 0.220670
536; 1420300354444873376; 10; 3; 0.099574; -0.180397; 0.126910
537; 1420300354450030847; 10; 3; 0.079581; -0.177490; 0.103645
538; 1420300354455188317; 10; 3; 0.042103; -0.162869; 0.054617
539; 1420300354460528893; 10; 3; 0.031190; -0.106895; -0.066374
540; 1420300354465442224; 10; 3; -0.007933; -0.119895; -0.105236
541; 1420300354470508141; 10; 3; -0.017119; -0.087775; -0.089261
542; 1420300354475543542; 10; 3; 0.009526; -0.100858; -0.094704
543; 1420300354480548425; 10; 3; -0.021843; -0.090099; -0.012311
544; 1420300354485614343; 10; 3; -0.079143; -0.089985; -0.010984
545; 1420300354490619225; 10; 3; -0.033035; -0.087446; 0.024702
546; 1420300354495654626; 10; 3; -0.046680; -0.093229; -0.012160
547; 1420300354500720544; 10; 3; -0.054593; -0.078801; -0.010950
548; 1420300354505755944; 10; 3; -0.045970; -0.124904; -0.065773
549; 1420300354510791345; 10; 3; -0.079121; -0.127962; -0.090007
550; 1420300354515857263; 10; 3; -0.013817; -0.135567; -0.157390
551; 1420300354520862145; 10; 3; 0.027299; -0.141783; -0.143065
552; 1420300354525989099; 10; 3; -0.006859; -0.139512; -0.011465
553; 1420300354530932946; 10; 3; 0.042161; -0.114550; -0.025289
554; 1420300354535998864; 10; 3; 0.111315; -0.056325; 0.110558
555; 1420300354541003747; 10; 3; 0.137469; -0.039804; 0.235520
556; 1420300354546039147; 10; 3; 0.071815; -0.085218; 0.428237
557; 1420300354551105065; 10; 3; 0.067672; -0.011978; 0.631807
558; 1420300354556109948; 10; 3; 0.026179; -0.009356; 0.589852
559; 1420300354561145349; 10; 3; 0.002105; -0.064199; 0.444259
560; 1420300354565997643; 10; 3; -0.174071; -0.008665; 0.289840
561; 1420300354571216149; 10; 3; -0.183995; 0.018000; 0.262145
562; 1420300354576251550; 10; 3; -0.182252; 0.031565; 0.041973
563; 1420300354581286950; 10; 3; -0.152165; 0.002330; -0.133862
564; 1420300354586322350; 10; 3; -0.201359; -0.065982; -0.405803
565; 1420300354589496179; 10; 3; -0.169239; -0.027655; -0.732287
566; 1420300354594836755; 10; 3; -0.146327; 0.069829; -1.768377
567; 1420300354599872155; 10; 3; -0.501121; 0.161118; -1.559658
568; 1420300354605029626; 10; 3; -0.815383; 0.021697; -0.555076
569; 1420300354610217614; 10; 3; -0.775066; 0.083622; -0.038803
570; 1420300354615314050; 10; 3; -0.472510; 0.105705; 0.269665
571; 1420300354620502038; 10; 3; -0.359452; 0.150896; 0.224759
572; 1420300354625659509; 10; 3; -0.410244; 0.051818; 0.104747
573; 1420300354630816979; 10; 3; -0.429652; -0.080593; 0.135128
574; 1420300354635974450; 10; 3; -0.290411; -0.064450; 0.190785
575; 1420300354641131921; 10; 3; -0.127721; -0.061635; 0.180238
576; 1420300354646289391; 10; 3; 0.021822; -0.062564; 0.170042
577; 1420300354651446862; 10; 3; 0.147516; -0.032677; 0.062595
578; 1420300354656573815; 10; 3; 0.154987; -0.213170; 0.193036
579; 1420300354661944909; 10; 3; 0.146193; -0.061934; 0.222436
580; 1420300354667377038; 10; 3; 0.299845; 0.071302; 0.128088
581; 1420300354671893640; 10; 3; 0.073325; 0.057414; -0.095274
582; 1420300354676959558; 10; 3; -0.233608; -0.050014; -0.430543
583; 1420300354681964440; 10; 3; -0.412325; -0.076108; -0.574673
