# Device Information: 
# Manufacturer:LGE
# Model: Nexus 4
# API-level: 21
# LGE Accelerometer Sensor: 
#     Resolution: 0.0011901855
#     Minimal Delay: 5000
#     Sensor Type: 1
# LGE Magnetometer Sensor: 
#     Resolution: 0.14953613
#     Minimal Delay: 20000
#     Sensor Type: 2
# Orientation: 
#     Resolution: 0.1
#     Minimal Delay: 5000
#     Sensor Type: 3
# LGE Proximity Sensor: 
#     Resolution: 0.10070801
#     Minimal Delay: 50000
#     Sensor Type: 8
# LGE Light Sensor: 
#     Resolution: 0.009994507
#     Minimal Delay: 50000
#     Sensor Type: 5
# LGE Gyroscope Sensor: 
#     Resolution: 0.0010681152
#     Minimal Delay: 5000
#     Sensor Type: 4
# LGE Barometer Sensor: 
#     Resolution: 0.009994507
#     Minimal Delay: 33333
#     Sensor Type: 6
# LGE Magnetometer Sensor: 
#     Resolution: 0.14953613
#     Minimal Delay: 20000
#     Sensor Type: 14
# LGE Gyroscope Sensor: 
#     Resolution: 0.0010681152
#     Minimal Delay: 5000
#     Sensor Type: 16
# Gravity: 
#     Resolution: 0.0011901855
#     Minimal Delay: 5000
#     Sensor Type: 9
# Linear Acceleration: 
#     Resolution: 0.0011901855
#     Minimal Delay: 5000
#     Sensor Type: 10
# Rotation Vector: 
#     Resolution: 5.9604645E-8
#     Minimal Delay: 5000
#     Sensor Type: 11
# Significant Motion: 
#     Resolution: 1.0
#     Minimal Delay: -1
#     Sensor Type: 17
# Game Rotation Vector: 
#     Resolution: 5.9604645E-8
#     Minimal Delay: 5000
#     Sensor Type: 15
# sample; timestamp; type; accuracy; data1; ...; dataN
#------------------------------------------------------------------
0; 1419879045374136836; 10; 3; -0.044138; 0.063806; -0.242689
1; 1419879045379549107; 10; 3; -0.148214; 0.160183; -0.264035
2; 1419879045384798130; 10; 3; -0.223698; 0.244135; -0.411041
3; 1419879045389558872; 10; 3; -0.361266; 0.315099; -0.239421
4; 1419879045394594273; 10; 3; -0.570880; 0.395266; -0.071856
5; 1419879045399629673; 10; 3; -0.816463; 0.457341; 0.300801
6; 1419879045404665073; 10; 3; -0.935198; 0.546499; 0.655610
7; 1419879045409700474; 10; 3; -1.007487; 0.436627; 0.972719
8; 1419879045414735874; 10; 3; -1.222722; 0.286109; 1.378553
9; 1419879045419771275; 10; 3; -1.198797; 0.245744; 1.737973
10; 1419879045424806675; 10; 3; -0.981456; 0.196933; 2.285350
11; 1419879045429842075; 10; 3; -0.619840; 0.067559; 2.795116
12; 1419879045434877476; 10; 3; -0.373255; -0.170957; 3.219487
13; 1419879045439912876; 10; 3; -0.217054; -0.379939; 3.436278
14; 1419879045444948277; 10; 3; 0.100490; -0.407058; 3.603370
15; 1419879045449983677; 10; 3; 0.254855; -0.513107; 3.475663
16; 1419879045454988560; 10; 3; 0.421836; -0.552186; 3.419056
17; 1419879045460054478; 10; 3; 0.448512; -0.557439; 3.207219
18; 1419879045465089878; 10; 3; 0.578581; -0.511215; 3.033631
19; 1419879045470125279; 10; 3; 0.584681; -0.532963; 2.857450
20; 1419879045475160679; 10; 3; 0.674998; -0.471581; 2.703544
21; 1419879045480196079; 10; 3; 0.622205; -0.365344; 2.496967
22; 1419879045485231480; 10; 3; 0.560876; -0.341843; 2.055049
23; 1419879045490266880; 10; 3; 0.517001; -0.335110; 1.638882
24; 1419879045495302281; 10; 3; 0.483146; -0.235371; 1.094643
25; 1419879045500337681; 10; 3; 0.348715; -0.096373; 0.740208
26; 1419879045505373081; 10; 3; 0.049149; -0.005105; 0.249533
27; 1419879045510408482; 10; 3; -0.357565; 0.165690; -0.082383
28; 1419879045515443882; 10; 3; -0.769681; 0.381321; -0.344646
29; 1419879045520479282; 10; 3; -1.057599; 0.546994; -0.623084
30; 1419879045525514683; 10; 3; -1.307028; 0.615580; -0.910893
31; 1419879045530611118; 10; 3; -1.314201; 0.644948; -1.050292
32; 1419879045535860142; 10; 3; -1.180891; 0.609162; -1.085264
33; 1419879045540620884; 10; 3; -0.970915; 0.472785; -1.145073
34; 1419879045545656284; 10; 3; -0.537010; 0.307545; -1.161959
35; 1419879045550691685; 10; 3; -0.199620; 0.212488; -1.021330
36; 1419879045555727085; 10; 3; 0.134367; 0.087164; -0.919477
37; 1419879045560762486; 10; 3; 0.456647; -0.082901; -0.748510
38; 1419879045565797886; 10; 3; 0.559860; -0.162394; -0.535341
39; 1419879045570802769; 10; 3; 0.705753; -0.187815; -0.349051
40; 1419879045575868687; 10; 3; 0.923668; -0.178060; -0.006272
41; 1419879045580904087; 10; 3; 1.061225; -0.195157; 0.295832
42; 1419879045585939488; 10; 3; 1.096531; -0.239076; 0.763396
43; 1419879045590974888; 10; 3; 1.040875; -0.136544; 1.011711
44; 1419879045596010288; 10; 3; 0.913617; -0.034525; 1.197285
45; 1419879045601045689; 10; 3; 0.611132; 0.154909; 1.251813
46; 1419879045606081089; 10; 3; 0.353343; 0.294146; 1.227047
47; 1419879045611116490; 10; 3; 0.013389; 0.478105; 0.981179
48; 1419879045616151890; 10; 3; -0.392614; 0.606679; 0.728302
49; 1419879045621156773; 10; 3; -0.619024; 0.669588; 0.429708
50; 1419879045626222691; 10; 3; -0.774568; 0.803019; 0.064873
51; 1419879045631258091; 10; 3; -0.826769; 0.778621; -0.179685
52; 1419879045636293491; 10; 3; -0.958117; 0.765863; -0.367218
53; 1419879045641328892; 10; 3; -0.944015; 0.738308; -0.536366
54; 1419879045646364292; 10; 3; -0.884161; 0.727382; -0.553246
55; 1419879045651399693; 10; 3; -0.767990; 0.722845; -0.480235
56; 1419879045656435093; 10; 3; -0.576651; 0.565863; -0.352793
57; 1419879045661470493; 10; 3; -0.226752; 0.483674; -0.048910
58; 1419879045666505894; 10; 3; 0.072914; 0.389179; 0.216900
59; 1419879045671541294; 10; 3; 0.269316; 0.297099; 0.409257
60; 1419879045676576695; 10; 3; 0.495200; 0.211407; 0.560034
61; 1419879045681673130; 10; 3; 0.531215; 0.287290; 0.586905
62; 1419879045686922154; 10; 3; 0.483405; 0.333924; 0.671254
63; 1419879045691682896; 10; 3; 0.416512; 0.415973; 0.756186
64; 1419879045696718296; 10; 3; 0.273500; 0.507337; 0.668016
65; 1419879045701753697; 10; 3; 0.206592; 0.534969; 0.559361
66; 1419879045706789097; 10; 3; 0.250281; 0.496498; 0.477316
67; 1419879045711824497; 10; 3; 0.306291; 0.487883; 0.431984
68; 1419879045716859898; 10; 3; 0.262508; 0.386405; 0.456863
69; 1419879045721864781; 10; 3; 0.211501; 0.374987; 0.626073
70; 1419879045726930698; 10; 3; 0.206647; 0.373450; 0.734662
71; 1419879045731966099; 10; 3; 0.181407; 0.388692; 0.740074
72; 1419879045737001499; 10; 3; 0.128077; 0.340895; 0.758756
73; 1419879045742036900; 10; 3; 0.096590; 0.341761; 0.749379
74; 1419879045747072300; 10; 3; -0.013828; 0.337211; 0.766246
75; 1419879045752107700; 10; 3; -0.040456; 0.311457; 0.671474
76; 1419879045757143101; 10; 3; -0.129101; 0.194852; 0.700158
77; 1419879045762178501; 10; 3; -0.254546; 0.172395; 0.646157
78; 1419879045767213902; 10; 3; -0.480542; 0.206866; 0.644412
79; 1419879045772249302; 10; 3; -0.598991; 0.222539; 0.656661
80; 1419879045777284702; 10; 3; -0.675552; 0.255158; 0.723861
81; 1419879045782320103; 10; 3; -0.678352; 0.191838; 0.818300
82; 1419879045787355503; 10; 3; -0.429857; 0.134654; 1.191398
83; 1419879045792390904; 10; 3; -0.253035; 0.089939; 1.447287
84; 1419879045797426304; 10; 3; -0.089069; 0.048406; 1.508775
85; 1419879045802461704; 10; 3; 0.013574; 0.025527; 1.514776
86; 1419879045807497105; 10; 3; 0.183813; -0.012609; 1.436622
87; 1419879045812532505; 10; 3; 0.397850; -0.116802; 1.263475
88; 1419879045817567906; 10; 3; 0.473261; -0.140313; 1.139834
89; 1419879045822603306; 10; 3; 0.509249; -0.207206; 0.871914
90; 1419879045827638706; 10; 3; 0.614112; -0.278908; 0.795401
91; 1419879045832735142; 10; 3; 0.671923; -0.298541; 0.785666
92; 1419879045837984165; 10; 3; 0.754153; -0.306409; 0.783023
93; 1419879045842744907; 10; 3; 0.681667; -0.366093; 0.927157
94; 1419879045847780308; 10; 3; 0.644194; -0.322365; 0.980079
95; 1419879045852815708; 10; 3; 0.547146; -0.271208; 1.011024
96; 1419879045857851109; 10; 3; 0.390943; -0.269163; 1.007333
97; 1419879045862886509; 10; 3; 0.361619; -0.308563; 1.014147
98; 1419879045867921909; 10; 3; 0.117618; -0.226223; 1.052517
99; 1419879045872957310; 10; 3; 0.016429; -0.214049; 1.097307
100; 1419879045877992710; 10; 3; -0.197603; -0.112250; 1.181438
101; 1419879045883028111; 10; 3; -0.379755; -0.151590; 1.233860
102; 1419879045888063511; 10; 3; -0.373750; -0.178693; 1.521304
103; 1419879045893098911; 10; 3; -0.369052; -0.224582; 1.719831
104; 1419879045898134312; 10; 3; -0.309434; -0.327331; 1.866997
105; 1419879045903169712; 10; 3; -0.231241; -0.439838; 2.123808
106; 1419879045908205113; 10; 3; -0.103086; -0.418597; 2.299550
107; 1419879045913240513; 10; 3; 0.110912; -0.538882; 2.386840
108; 1419879045918275913; 10; 3; 0.311297; -0.642285; 2.570696
109; 1419879045923311314; 10; 3; 0.446494; -0.734896; 2.658308
110; 1419879045928346714; 10; 3; 0.535291; -0.854669; 2.602466
111; 1419879045933382115; 10; 3; 0.544677; -0.791316; 2.155755
112; 1419879045938417515; 10; 3; 0.437527; -0.814557; 1.479692
113; 1419879045943452915; 10; 3; 0.232814; -0.802792; 0.709392
114; 1419879045948488316; 10; 3; 0.167644; -0.608909; 0.162744
115; 1419879045953523716; 10; 3; 0.111500; -0.344386; -0.424398
116; 1419879045958559116; 10; 3; 0.075842; -0.216997; -1.173437
117; 1419879045963594517; 10; 3; -0.206367; -0.157624; -1.784698
118; 1419879045968629917; 10; 3; -0.298580; -0.091517; -2.516984
119; 1419879045973665318; 10; 3; -0.362455; 0.053377; -2.946016
120; 1419879045978700718; 10; 3; -0.367738; 0.243551; -3.339115
121; 1419879045983797154; 10; 3; -0.435978; 0.283481; -3.713375
122; 1419879045989046177; 10; 3; -0.466896; 0.398036; -3.825969
123; 1419879045993806919; 10; 3; -0.420559; 0.401588; -3.847532
124; 1419879045998842320; 10; 3; -0.319702; 0.424208; -3.884446
125; 1419879046003877720; 10; 3; -0.248742; 0.351943; -3.546138
126; 1419879046008913120; 10; 3; -0.127510; 0.298337; -2.934774
127; 1419879046013948521; 10; 3; -24.528791; 6.227909; -9.501021
128; 1419879046018983921; 10; 3; 9.790627; 3.133604; -3.659714
129; 1419879046024019322; 10; 3; -1.642451; -1.448741; 1.453242
130; 1419879046029054722; 10; 3; -1.709665; -1.859100; -1.699699
131; 1419879046034090122; 10; 3; 0.886968; -1.584034; -0.974939
132; 1419879046039125523; 10; 3; 2.469623; -0.851529; 0.454473
133; 1419879046044160923; 10; 3; 3.392636; -0.897427; 0.426480
134; 1419879046049196323; 10; 3; 1.837760; -1.296948; 1.412358
135; 1419879046054231724; 10; 3; 1.713684; -1.162932; 2.410068
136; 1419879046059267124; 10; 3; 1.771926; -0.955959; 3.157609
137; 1419879046064302525; 10; 3; 1.755821; -1.364440; 3.575747
138; 1419879046069337925; 10; 3; 2.056046; -1.654714; 3.917769
139; 1419879046074373325; 10; 3; 2.114545; -1.790316; 4.296857
140; 1419879046079408726; 10; 3; 2.115178; -1.831381; 4.436419
141; 1419879046084444126; 10; 3; 1.795693; -1.629331; 4.627704
142; 1419879046089479527; 10; 3; 1.127387; -1.022245; 4.714214
143; 1419879046094514927; 10; 3; 0.744919; -0.579738; 4.184725
144; 1419879046099550327; 10; 3; 0.615946; -0.399564; 3.491424
145; 1419879046104585728; 10; 3; 0.435255; -0.262839; 2.658011
146; 1419879046109621128; 10; 3; 0.419193; -0.260627; 1.629774
147; 1419879046114656529; 10; 3; 0.638370; -0.262310; 0.570688
148; 1419879046119691929; 10; 3; 0.927999; -0.272361; -0.421509
149; 1419879046124727329; 10; 3; 1.026543; -0.337836; -1.224834
150; 1419879046129762730; 10; 3; 0.962537; -0.250574; -1.994680
151; 1419879046134859165; 10; 3; 0.846955; -0.169824; -2.561316
152; 1419879046140108189; 10; 3; 0.729568; -0.023734; -2.978293
153; 1419879046144868931; 10; 3; 0.687004; 0.082772; -3.170400
154; 1419879046149904331; 10; 3; 0.772494; 0.153264; -3.150245
155; 1419879046154939732; 10; 3; 0.680813; 0.249603; -3.061243
156; 1419879046159975132; 10; 3; 0.715921; 0.266065; -3.019691
157; 1419879046165010532; 10; 3; 0.535516; 0.304650; -2.896372
158; 1419879046170045933; 10; 3; 0.479144; 0.337870; -2.825412
159; 1419879046175081333; 10; 3; 0.367834; 0.372708; -2.627801
160; 1419879046180067969; 10; 3; 0.168528; 0.335535; -2.481576
161; 1419879046185133887; 10; 3; -0.067621; 0.345932; -2.113000
162; 1419879046190169287; 10; 3; -39.389668; 3.400987; -4.368258
163; 1419879046195204688; 10; 3; 11.191195; 7.265537; -6.903287
164; 1419879046200209571; 10; 3; 2.780292; 1.345459; 1.664454
165; 1419879046205275489; 10; 3; -5.066721; -1.207798; 0.305236
166; 1419879046210310889; 10; 3; -1.455123; -1.197774; -2.434509
167; 1419879046215346289; 10; 3; 1.323239; -0.689071; -0.358482
168; 1419879046220381690; 10; 3; 4.129322; 0.356645; -1.028730
169; 1419879046225417090; 10; 3; 3.998826; -0.140791; -0.962532
170; 1419879046230452491; 10; 3; 2.359566; -0.372345; -0.683707
171; 1419879046235487891; 10; 3; 2.198606; 0.298544; -0.691339
172; 1419879046240523291; 10; 3; 2.005080; 0.073320; -0.462502
173; 1419879046245558692; 10; 3; 2.080307; -0.448213; -0.207731
174; 1419879046250594092; 10; 3; 2.075192; -1.090587; 0.063085
175; 1419879046255629493; 10; 3; 1.944381; -1.397038; 0.453546
176; 1419879046260664893; 10; 3; 1.972182; -1.421383; 0.934623
177; 1419879046265700293; 10; 3; 1.800735; -1.261680; 1.371942
178; 1419879046270674659; 10; 3; 1.350669; -1.006020; 1.757482
179; 1419879046275771094; 10; 3; 0.634694; -0.563655; 2.018300
180; 1419879046280806494; 10; 3; -0.196441; -0.099989; 2.048949
181; 1419879046285902930; 10; 3; -0.713583; 0.348006; 1.675735
182; 1419879046291121436; 10; 3; -0.983896; 0.726223; 1.174356
183; 1419879046295912696; 10; 3; -1.060797; 0.816347; 0.352141
184; 1419879046300948096; 10; 3; -1.062913; 0.744891; -0.316978
185; 1419879046305983496; 10; 3; -0.893926; 0.660454; -1.093554
186; 1419879046311018897; 10; 3; -0.626627; 0.482956; -1.713335
187; 1419879046316054297; 10; 3; -0.505158; 0.300835; -2.095656
188; 1419879046321089698; 10; 3; -0.490955; 0.282259; -2.392227
189; 1419879046326125098; 10; 3; -0.495684; 0.301893; -2.572819
190; 1419879046331160498; 10; 3; -0.674415; 0.409165; -2.607362
191; 1419879046336195899; 10; 3; -0.987578; 0.524867; -2.393591
192; 1419879046341231299; 10; 3; -1.222175; 0.734087; -2.062846
193; 1419879046346266700; 10; 3; -3.619776; 0.263834; -1.795457
194; 1419879046351302100; 10; 3; -12.534266; 8.231646; -8.072797
195; 1419879046356337500; 10; 3; 7.911056; 2.174444; -1.808339
196; 1419879046361372901; 10; 3; -0.811731; -2.397213; 0.495581
197; 1419879046366408301; 10; 3; 0.390716; -2.447581; -3.232704
198; 1419879046371443701; 10; 3; 2.481588; -2.028370; -2.155597
199; 1419879046376479102; 10; 3; 5.078446; -0.660395; -2.059547
200; 1419879046381514502; 10; 3; 4.911943; -0.272920; -2.556938
201; 1419879046386549903; 10; 3; 1.328431; 0.438954; -1.902392
202; 1419879046391585303; 10; 3; 1.209599; 0.892772; -1.499095
203; 1419879046396620703; 10; 3; 1.108934; 1.170305; -1.203766
204; 1419879046401656104; 10; 3; 1.411816; 0.880505; -1.264864
205; 1419879046406691504; 10; 3; 1.326516; -0.115120; -1.253347
206; 1419879046411726905; 10; 3; 1.055324; -1.021558; -1.629544
207; 1419879046416762305; 10; 3; 1.227590; -1.333707; -1.950221
208; 1419879046421797705; 10; 3; 1.256565; -1.161452; -2.052393
209; 1419879046426833106; 10; 3; 0.598111; -0.832872; -2.015256
210; 1419879046431868506; 10; 3; -0.408522; -0.338065; -1.348715
211; 1419879046436964942; 10; 3; -1.418094; 0.339951; -0.687735
212; 1419879046442213965; 10; 3; -2.484152; 1.449517; 0.271604
213; 1419879046446974707; 10; 3; -2.456035; 1.430360; 0.271502
214; 1419879046451979590; 10; 3; -2.414412; 1.657760; 0.319056
215; 1419879046457014991; 10; 3; -2.202474; 1.608540; 0.088243
216; 1419879046462202979; 10; 3; -1.818857; 1.411036; -0.342695
217; 1419879046467116309; 10; 3; -1.128622; 1.062527; -0.848110
218; 1419879046472151709; 10; 3; -0.407670; 0.654491; -1.280706
219; 1419879046477187110; 10; 3; 0.966428; 0.099409; -2.166195
220; 1419879046482222510; 10; 3; 1.534081; -0.055587; -2.377308
221; 1419879046487257910; 10; 3; 1.912958; -0.154898; -2.450535
222; 1419879046492293311; 10; 3; 2.107393; -0.231439; -2.450708
223; 1419879046497328711; 10; 3; 2.082267; -0.208183; -2.129545
224; 1419879046502364112; 10; 3; 1.951341; -0.152267; -1.822792
225; 1419879046507399512; 10; 3; 1.526819; 0.040745; -1.356258
226; 1419879046512434912; 10; 3; 1.002690; 0.149955; -0.876351
227; 1419879046517470313; 10; 3; 0.325703; 0.391471; -0.327256
228; 1419879046522505713; 10; 3; -0.239290; 0.568117; 0.377514
229; 1419879046527541114; 10; 3; -0.522652; 0.753819; 0.893970
230; 1419879046532576514; 10; 3; -0.788252; 0.786428; 1.294385
231; 1419879046537611914; 10; 3; -0.707179; 0.764341; 1.597275
232; 1419879046542647315; 10; 3; -0.532855; 0.583121; 1.684756
233; 1419879046547682715; 10; 3; -0.347365; 0.444789; 1.557925
234; 1419879046552718116; 10; 3; -0.062998; 0.311573; 1.489133
235; 1419879046557753516; 10; 3; 0.193421; 0.232839; 1.280093
236; 1419879046562788916; 10; 3; 0.426172; 0.135759; 1.156407
237; 1419879046567824317; 10; 3; 0.559009; 0.121981; 0.893541
238; 1419879046572859717; 10; 3; 0.693964; 0.084397; 0.716991
239; 1419879046577895118; 10; 3; 0.626769; 0.036315; 0.659245
240; 1419879046582930518; 10; 3; 0.684676; 0.044154; 0.621164
241; 1419879046588026953; 10; 3; 0.538292; -0.010042; 0.806360
242; 1419879046593275977; 10; 3; 0.336588; -0.093274; 0.977839
243; 1419879046598006201; 10; 3; 0.029334; -0.080207; 1.395427
244; 1419879046603072119; 10; 3; -0.254410; -0.145174; 1.894007
245; 1419879046608107520; 10; 3; -0.531878; -0.279284; 2.472399
246; 1419879046613142920; 10; 3; -0.759395; -0.313471; 3.158986
247; 1419879046618178321; 10; 3; -0.861490; -0.345439; 3.837571
248; 1419879046623183203; 10; 3; -0.876372; -0.350976; 4.273976
249; 1419879046628249121; 10; 3; -0.969736; -0.332705; 4.665068
250; 1419879046633284522; 10; 3; -1.088136; -0.263197; 4.756593
251; 1419879046638319922; 10; 3; -1.254337; -0.124810; 4.552286
252; 1419879046643355323; 10; 3; -1.462914; -0.053897; 3.998920
253; 1419879046648390723; 10; 3; -1.772620; -0.016882; 3.177187
254; 1419879046653395606; 10; 3; -1.869113; -0.032431; 2.363909
255; 1419879046658461524; 10; 3; -1.743608; -0.139034; 1.599748
256; 1419879046663496924; 10; 3; -1.455748; -0.328990; 1.219372
257; 1419879046668532325; 10; 3; -1.089283; -0.628149; 1.280084
258; 1419879046673567725; 10; 3; -0.699728; -0.929149; 1.635335
259; 1419879046678572608; 10; 3; -0.314601; -1.119127; 2.272287
260; 1419879046683638526; 10; 3; 0.010543; -1.230362; 2.990837
261; 1419879046688673926; 10; 3; 0.359379; -1.321754; 3.850584
262; 1419879046693709326; 10; 3; 0.724438; -1.511896; 4.832463
263; 1419879046698744727; 10; 3; 1.117797; -1.464339; 5.394675
264; 1419879046703749610; 10; 3; 1.415889; -1.537065; 6.165399
265; 1419879046708815528; 10; 3; 1.529844; -1.521562; 6.869047
266; 1419879046713850928; 10; 3; 1.607094; -1.380432; 7.115164
267; 1419879046718886328; 10; 3; 1.539723; -1.241134; 7.286347
268; 1419879046723921729; 10; 3; 1.333045; -0.896306; 6.970461
269; 1419879046728957129; 10; 3; 0.935265; -0.483662; 6.132648
270; 1419879046733992530; 10; 3; 0.317200; -0.075316; 4.982306
271; 1419879046739088965; 10; 3; -0.303160; 0.327966; 3.885704
272; 1419879046744337989; 10; 3; -0.744175; 0.810962; 2.684846
273; 1419879046749098731; 10; 3; -1.123116; 1.025712; 1.202530
274; 1419879046754134131; 10; 3; -1.390367; 1.170829; -0.151894
275; 1419879046759169532; 10; 3; -1.318593; 1.152577; -1.634470
276; 1419879046764204932; 10; 3; -1.124380; 1.072880; -2.915498
277; 1419879046769240332; 10; 3; -0.859684; 1.042059; -3.999866
278; 1419879046774275733; 10; 3; -0.390053; 0.842669; -4.763232
279; 1419879046779311133; 10; 3; 0.015774; 0.724799; -5.171760
280; 1419879046784346534; 10; 3; 0.458532; 0.532652; -5.259226
281; 1419879046789381934; 10; 3; 0.759344; 0.390067; -5.021206
282; 1419879046794417334; 10; 3; 0.782567; 0.266455; -4.425819
283; 1419879046799452735; 10; 3; 0.592242; 0.340341; -3.774362
284; 1419879046804488135; 10; 3; 0.257845; 0.600356; -2.872289
285; 1419879046809523535; 10; 3; -0.128836; 0.675210; -2.203924
286; 1419879046814558936; 10; 3; -0.454978; 0.690274; -1.695533
287; 1419879046819594336; 10; 3; -0.805790; 0.755527; -1.080441
288; 1419879046824629737; 10; 3; -1.132247; 0.746516; -0.725286
289; 1419879046829665137; 10; 3; -1.359727; 0.804914; -0.099958
290; 1419879046834700537; 10; 3; -1.446428; 0.791584; 0.454513
291; 1419879046839735938; 10; 3; -1.410337; 0.666209; 0.898346
292; 1419879046844771338; 10; 3; -1.252016; 0.603312; 1.342505
293; 1419879046849806739; 10; 3; -1.109585; 0.565591; 1.608146
294; 1419879046854842139; 10; 3; -0.926133; 0.488801; 1.710292
295; 1419879046859877539; 10; 3; -0.735022; 0.434963; 1.770584
296; 1419879046864912940; 10; 3; -0.704533; 0.437714; 1.688395
297; 1419879046869948340; 10; 3; -0.549393; 0.399185; 1.445240
298; 1419879046874983741; 10; 3; -0.304494; 0.428478; 1.054699
299; 1419879046880019141; 10; 3; -0.196315; 0.427280; 0.590724
300; 1419879046885054541; 10; 3; -0.050306; 0.299304; 0.199317
301; 1419879046890150977; 10; 3; 0.092109; 0.299809; -0.211271
302; 1419879046895430518; 10; 3; 0.173391; 0.273539; -0.648188
303; 1419879046900160743; 10; 3; 0.168285; 0.286328; -1.121565
304; 1419879046905196143; 10; 3; 0.110493; 0.298808; -1.607117
305; 1419879046910231543; 10; 3; -18.948376; 0.312470; -2.999782
306; 1419879046915266944; 10; 3; 11.092171; 4.572839; -7.021172
307; 1419879046920302344; 10; 3; 3.162116; 0.063502; -1.290268
308; 1419879046925337744; 10; 3; -3.040867; -1.090197; -1.391549
309; 1419879046930373145; 10; 3; 0.546876; -0.564547; -4.390826
310; 1419879046935408545; 10; 3; 1.238356; -0.330299; -2.767862
311; 1419879046940443946; 10; 3; 2.846728; 0.185864; -2.648774
312; 1419879046945479346; 10; 3; 2.486962; -0.288475; -2.433599
313; 1419879046950514746; 10; 3; 2.100426; -0.938542; -1.450658
314; 1419879046955550147; 10; 3; 2.599380; -0.880327; -0.916949
315; 1419879046960585547; 10; 3; 2.834961; -0.671734; -0.397740
316; 1419879046965620948; 10; 3; 2.391070; -0.539683; -0.015018
317; 1419879046970656348; 10; 3; 1.017086; -0.628023; 0.119017
318; 1419879046975691748; 10; 3; 0.643740; -0.817694; 0.237728
319; 1419879046980727149; 10; 3; 0.574929; -0.710010; 0.221436
320; 1419879046985762549; 10; 3; 0.345117; -0.588194; 0.299606
321; 1419879046990797950; 10; 3; 0.007815; -0.453090; 0.344934
322; 1419879046995833350; 10; 3; -0.463124; -0.264159; 0.262544
323; 1419879047000868750; 10; 3; -0.744038; 0.083852; 0.067094
324; 1419879047005904151; 10; 3; -0.916244; 0.353850; -0.168584
325; 1419879047010939551; 10; 3; -1.014336; 0.560037; -0.664997
326; 1419879047015974951; 10; 3; -0.977994; 0.612729; -1.019185
327; 1419879047021010352; 10; 3; -0.882996; 0.644736; -1.356330
328; 1419879047026045752; 10; 3; -0.621345; 0.574950; -1.743100
329; 1419879047031081153; 10; 3; -0.329527; 0.489764; -2.081000
330; 1419879047036116553; 10; 3; -0.033795; 0.456262; -2.242138
331; 1419879047041212989; 10; 3; 0.132990; 0.315756; -2.355293
332; 1419879047046492530; 10; 3; 0.194686; 0.278945; -2.652386
333; 1419879047051222754; 10; 3; 0.272576; 0.232653; -2.698018
334; 1419879047056258155; 10; 3; 0.237174; 0.249408; -2.510935
335; 1419879047061293555; 10; 3; 0.019279; 0.296112; -2.165309
336; 1419879047066328955; 10; 3; -0.207598; 0.310004; -1.705523
337; 1419879047071364356; 10; 3; -0.368680; 0.471786; -1.303473
338; 1419879047076399756; 10; 3; -23.396149; 1.176426; -2.034884
339; 1419879047081435157; 10; 3; 10.502271; 4.424521; -4.773313
340; 1419879047086470557; 10; 3; 1.231530; -0.308678; 2.097024
341; 1419879047091505957; 10; 3; -2.582693; -1.088151; 1.216335
342; 1419879047096541358; 10; 3; 0.709841; -0.369074; -0.612065
343; 1419879047101576758; 10; 3; 1.642478; 0.086592; 1.166032
344; 1419879047106612159; 10; 3; 2.564322; 0.581662; 0.882762
345; 1419879047111647559; 10; 3; 1.862559; 0.140425; 0.973620
346; 1419879047116682959; 10; 3; 1.833737; -0.110886; 1.383912
347; 1419879047121718360; 10; 3; 2.119391; 0.220926; 1.280542
348; 1419879047126753760; 10; 3; 1.094228; 0.677685; 1.116805
349; 1419879047131789160; 10; 3; 0.804827; 0.598584; 0.769280
350; 1419879047136824561; 10; 3; 0.835930; 0.074693; 1.109807
351; 1419879047141859961; 10; 3; 0.888109; -0.153373; 1.414840
352; 1419879047146895362; 10; 3; 1.007853; -0.280251; 1.491763
353; 1419879047151930762; 10; 3; 0.900905; -0.340072; 1.781079
354; 1419879047156966162; 10; 3; 0.550607; -0.221977; 2.160994
355; 1419879047162001563; 10; 3; 0.043623; -0.158138; 2.545929
356; 1419879047167036963; 10; 3; -0.644659; 0.028915; 3.658937
357; 1419879047172072364; 10; 3; -0.727114; 0.055414; 4.142912
358; 1419879047177107764; 10; 3; -0.633842; 0.070066; 4.683595
359; 1419879047182143164; 10; 3; -0.516987; -0.004713; 5.153032
360; 1419879047187178565; 10; 3; -0.210136; -0.115923; 5.564880
361; 1419879047192275000; 10; 3; -0.053062; -0.210353; 5.620466
362; 1419879047197585059; 10; 3; 0.252483; -0.185882; 5.609340
363; 1419879047202284766; 10; 3; 0.331626; -0.207388; 5.294746
364; 1419879047207320166; 10; 3; 0.324254; -0.196533; 4.944247
365; 1419879047212355567; 10; 3; 0.304821; -0.098669; 4.392966
366; 1419879047217390967; 10; 3; 0.162418; 0.004845; 3.610439
367; 1419879047222426368; 10; 3; 0.025357; 0.151744; 2.936575
368; 1419879047227461768; 10; 3; 0.013015; 0.414195; 2.458683
369; 1419879047232497168; 10; 3; -0.091633; 0.599443; 1.658466
370; 1419879047237532569; 10; 3; -0.280947; 0.686318; 0.934151
371; 1419879047242567969; 10; 3; -0.486673; 0.709872; 0.189045
372; 1419879047247603369; 10; 3; -29.695440; 8.157810; -6.965831
373; 1419879047252638770; 10; 3; 10.729825; 3.034866; -3.457732
374; 1419879047257674170; 10; 3; -0.788249; -1.463898; 2.124610
375; 1419879047262709571; 10; 3; 0.623185; -1.266242; -2.716200
376; 1419879047267744971; 10; 3; 1.782861; -1.216592; -1.855536
377; 1419879047272780371; 10; 3; 3.763514; -0.577068; -0.757605
378; 1419879047277815772; 10; 3; 4.149995; -0.574826; -0.577187
379; 1419879047282851172; 10; 3; 3.458711; -1.602473; 0.857552
380; 1419879047287886573; 10; 3; 3.655014; -1.746304; 2.208222
381; 1419879047292921973; 10; 3; 2.120431; -0.875649; 3.164540
382; 1419879047297957373; 10; 3; 1.947923; -1.193020; 3.836178
383; 1419879047302992774; 10; 3; 2.195573; -1.556175; 4.214762
384; 1419879047308028174; 10; 3; 2.490090; -1.673258; 4.697604
385; 1419879047313063575; 10; 3; 2.459927; -1.641477; 5.085058
386; 1419879047318098975; 10; 3; 2.157296; -1.421043; 5.377528
387; 1419879047323134375; 10; 3; 1.787016; -0.982329; 5.652646
388; 1419879047328169776; 10; 3; 1.482051; -0.517888; 5.587768
389; 1419879047333205176; 10; 3; 1.147047; -0.225371; 5.123356
390; 1419879047338240576; 10; 3; 0.895691; 0.013459; 4.552493
391; 1419879047343337012; 10; 3; 0.754589; 0.132435; 3.830229
392; 1419879047348647071; 10; 3; 0.674033; 0.273401; 3.175302
393; 1419879047353346778; 10; 3; 0.789936; 0.303882; 2.252244
394; 1419879047358382178; 10; 3; 0.809527; 0.427153; 1.280481
395; 1419879047363417578; 10; 3; 0.742723; 0.510744; 0.296496
396; 1419879047368452979; 10; 3; 0.667792; 0.576161; -0.610978
397; 1419879047373488379; 10; 3; 0.499140; 0.683846; -1.265580
398; 1419879047378523780; 10; 3; 0.358335; 0.775069; -2.069550
399; 1419879047383559180; 10; 3; 0.235148; 0.815531; -2.449354
400; 1419879047388594580; 10; 3; 0.173934; 0.906672; -2.661422
401; 1419879047393629981; 10; 3; 0.220726; 0.949778; -2.731114
402; 1419879047398665381; 10; 3; 0.217111; 0.968361; -2.687226
403; 1419879047403700782; 10; 3; 0.297523; 0.894162; -2.647480
404; 1419879047408736182; 10; 3; 0.388039; 0.706411; -2.444323
405; 1419879047413771582; 10; 3; 0.374434; 0.614624; -2.361738
406; 1419879047418806983; 10; 3; 0.388918; 0.588083; -2.244945
407; 1419879047423842383; 10; 3; 0.430733; 0.655524; -2.130700
408; 1419879047428877784; 10; 3; 0.310076; 0.758974; -2.162512
409; 1419879047433913184; 10; 3; 0.158976; 0.832765; -2.382683
410; 1419879047438948584; 10; 3; -0.010993; 0.845128; -2.772948
411; 1419879047443983985; 10; 3; -0.163420; 0.799132; -3.215420
412; 1419879047449019385; 10; 3; -0.101750; 0.800358; -3.742177
413; 1419879047454054785; 10; 3; -0.051576; 0.741795; -4.185805
414; 1419879047459090186; 10; 3; 0.007620; 0.642723; -4.463638
415; 1419879047464125586; 10; 3; 0.029529; 0.549865; -4.868451
416; 1419879047469160987; 10; 3; 0.061412; 0.487081; -4.859966
417; 1419879047474196387; 10; 3; 0.007914; 0.462410; -4.773021
418; 1419879047479231787; 10; 3; 0.011906; 0.407465; -4.433392
419; 1419879047484267188; 10; 3; 0.050854; 0.477793; -3.701574
420; 1419879047489302588; 10; 3; 0.104199; 0.508326; -2.824103
421; 1419879047494399024; 10; 3; 0.069885; 0.522627; -2.038500
422; 1419879047499709082; 10; 3; -0.008403; 0.606193; -1.318165
423; 1419879047504408789; 10; 3; -0.040186; 0.592454; -0.563429
424; 1419879047509444190; 10; 3; -0.017212; 0.543113; 0.049483
425; 1419879047514479590; 10; 3; 0.010756; 0.586047; 0.504802
426; 1419879047519514991; 10; 3; 0.028970; 0.578561; 0.812597
427; 1419879047524550391; 10; 3; -0.013941; 0.644515; 0.932985
428; 1419879047529585791; 10; 3; 0.009872; 0.685836; 0.826107
429; 1419879047534621192; 10; 3; -0.094375; 0.716864; 0.538790
430; 1419879047539656592; 10; 3; -0.163108; 0.715418; -0.077028
431; 1419879047544691993; 10; 3; -0.260576; 0.721650; -0.644303
432; 1419879047549727393; 10; 3; -0.315130; 0.712085; -1.247713
433; 1419879047554762793; 10; 3; -0.290219; 0.821416; -1.812683
434; 1419879047559798194; 10; 3; -0.282561; 0.769360; -2.205395
435; 1419879047564833594; 10; 3; -0.190690; 0.715148; -2.505981
436; 1419879047569868994; 10; 3; -0.060527; 0.627547; -2.724321
437; 1419879047574904395; 10; 3; 0.084029; 0.554843; -2.883322
438; 1419879047579939795; 10; 3; 0.450868; 0.381205; -2.850250
439; 1419879047584975196; 10; 3; 0.709611; 0.274820; -2.547292
440; 1419879047590010596; 10; 3; 0.965579; 0.153765; -2.184102
441; 1419879047595045996; 10; 3; 1.206146; 0.019975; -1.484036
442; 1419879047600081397; 10; 3; 1.391067; 0.014851; -0.691047
443; 1419879047605116797; 10; 3; 1.447896; -0.029702; 0.007365
444; 1419879047610152198; 10; 3; 1.420073; 0.031892; 0.766153
445; 1419879047615187598; 10; 3; 1.309733; 0.082355; 1.408605
446; 1419879047620222998; 10; 3; 1.124630; 0.166283; 1.786882
447; 1419879047625258399; 10; 3; 0.891078; 0.205122; 1.869773
448; 1419879047630293799; 10; 3; 0.711668; 0.299088; 1.843396
449; 1419879047635329200; 10; 3; 0.444953; 0.347942; 1.334053
450; 1419879047640364600; 10; 3; 0.137622; 0.343890; 0.650373
451; 1419879047645461035; 10; 3; 0.009130; 0.538238; 0.025434
452; 1419879047650740576; 10; 3; -0.061351; 0.537672; -0.589588
453; 1419879047655470801; 10; 3; -0.199313; 0.507138; -1.215214
454; 1419879047660506201; 10; 3; -0.210175; 0.526703; -1.865573
455; 1419879047665541602; 10; 3; -0.219455; 0.420554; -2.572293
456; 1419879047670577002; 10; 3; -0.053502; 0.525521; -3.072002
457; 1419879047675612403; 10; 3; 0.037136; 0.500712; -3.385757
458; 1419879047680647803; 10; 3; 0.259312; 0.391982; -3.570213
459; 1419879047685683203; 10; 3; 0.347940; 0.395661; -3.481160
460; 1419879047690718604; 10; 3; 0.519259; 0.399585; -3.121840
461; 1419879047695754004; 10; 3; 0.672293; 0.413638; -2.534557
462; 1419879047700789405; 10; 3; 0.878461; 0.486290; -1.692479
463; 1419879047705824805; 10; 3; 0.948524; 0.469406; -0.957007
464; 1419879047710860205; 10; 3; 0.973747; 0.477245; -0.110272
465; 1419879047715895606; 10; 3; 1.040283; 0.515504; 0.556903
466; 1419879047720931006; 10; 3; 0.999749; 0.576658; 1.074984
467; 1419879047725966407; 10; 3; 0.912221; 0.603463; 1.596642
468; 1419879047731001807; 10; 3; 0.782968; 0.540174; 1.750422
469; 1419879047736037207; 10; 3; 0.525931; 0.536880; 1.776038
470; 1419879047741072608; 10; 3; 0.303495; 0.554007; 1.530088
471; 1419879047746108008; 10; 3; -0.098783; 0.596940; 1.099648
472; 1419879047751143409; 10; 3; -0.695514; 0.514183; 0.635111
473; 1419879047756178809; 10; 3; -1.162101; 0.562000; 0.444584
474; 1419879047761214209; 10; 3; -1.628471; 0.543187; 0.514152
475; 1419879047766249610; 10; 3; -1.860969; 0.558807; 0.867964
476; 1419879047771285010; 10; 3; -1.864667; 0.536218; 1.491302
477; 1419879047776320410; 10; 3; -1.825646; 0.256800; 2.441067
478; 1419879047781624494; 10; 3; -1.753550; 0.065038; 3.245569
479; 1419879047786659894; 10; 3; -1.455310; -0.098106; 4.001813
480; 1419879047791695295; 10; 3; -1.000890; -0.216889; 4.817303
481; 1419879047796791730; 10; 3; -0.566292; -0.328671; 5.360947
482; 1419879047802101789; 10; 3; -0.229620; -0.505108; 5.828446
483; 1419879047806801496; 10; 3; 0.038233; -0.549479; 5.963664
484; 1419879047811836896; 10; 3; 0.219891; -0.581256; 5.789036
485; 1419879047816872297; 10; 3; 0.346707; -0.582158; 5.145198
486; 1419879047821907697; 10; 3; -1.728385; -1.132657; 4.192558
487; 1419879047826943097; 10; 3; 3.001791; 3.971163; -2.985785
488; 1419879047831978498; 10; 3; 6.373198; -0.418361; 2.265422
489; 1419879047837013898; 10; 3; -2.014429; -2.156447; 2.375318
490; 1419879047842049299; 10; 3; 0.966515; -1.498996; -2.312905
491; 1419879047847084699; 10; 3; 0.692866; -1.284676; -1.261573
492; 1419879047852150617; 10; 3; 1.705864; -0.808614; -1.027602
493; 1419879047857155500; 10; 3; 1.571111; -1.311461; 0.330713
494; 1419879047862190900; 10; 3; 2.247780; -1.254651; 1.581862
495; 1419879047867226301; 10; 3; 2.799817; -1.196927; 2.780129
496; 1419879047872261701; 10; 3; 3.016658; -1.119034; 3.629354
497; 1419879047877297101; 10; 3; 1.171136; -0.512069; 4.203131
498; 1419879047882332502; 10; 3; 1.021450; -0.991335; 4.473861
499; 1419879047887367902; 10; 3; 1.327159; -1.285420; 4.126594
500; 1419879047892403302; 10; 3; 1.774047; -1.191327; 3.839609
501; 1419879047897438703; 10; 3; 1.667167; -1.123782; 3.520944
502; 1419879047902474103; 10; 3; 1.049969; -0.826004; 3.216605
503; 1419879047907509504; 10; 3; 0.288304; -0.332493; 2.957275
504; 1419879047912544904; 10; 3; -0.380289; 0.285944; 2.599198
505; 1419879047917580304; 10; 3; -0.721254; 0.780423; 2.168778
506; 1419879047922615705; 10; 3; -1.165757; 1.022792; 1.560420
507; 1419879047927651105; 10; 3; -1.236274; 1.070009; 1.008309
508; 1419879047932686506; 10; 3; -1.189915; 1.074651; 0.293531
509; 1419879047937721906; 10; 3; -0.922973; 1.023956; -0.327227
510; 1419879047942757306; 10; 3; -0.718437; 0.896855; -0.666660
511; 1419879047947853742; 10; 3; -0.433344; 0.727823; -1.039058
512; 1419879047953163801; 10; 3; -0.188087; 0.748150; -1.197409
513; 1419879047957863508; 10; 3; -0.008096; 0.756450; -1.227683
514; 1419879047962898908; 10; 3; -0.011530; 0.736986; -1.235939
515; 1419879047967934308; 10; 3; -0.129872; 0.788074; -1.129461
516; 1419879047972969709; 10; 3; -0.304571; 0.798614; -0.996288
517; 1419879047978005109; 10; 3; -0.473723; 0.771738; -0.902891
518; 1419879047983040509; 10; 3; -0.702620; 0.889892; -0.815826
519; 1419879047988075910; 10; 3; -0.904511; 0.923091; -0.670842
520; 1419879047993111310; 10; 3; -1.109365; 0.884181; -0.434707
521; 1419879047998146711; 10; 3; -37.440285; 2.935937; -3.456211
522; 1419879048003182111; 10; 3; 12.773726; 4.847042; -5.212554
523; 1419879048008217511; 10; 3; 2.463719; -1.091247; 3.147667
524; 1419879048013252912; 10; 3; -1.342132; -2.367049; 0.961114
525; 1419879048018288312; 10; 3; 0.163966; -1.319627; -1.135413
526; 1419879048023323713; 10; 3; 1.327915; -0.257664; 0.849518
527; 1419879048028359113; 10; 3; 2.039042; 0.488464; 0.142456
528; 1419879048033394513; 10; 3; 1.168729; -0.159564; 0.203728
529; 1419879048038429914; 10; 3; 0.937028; -0.615917; 0.712353
530; 1419879048043465314; 10; 3; -0.828653; 0.523562; 0.609015
531; 1419879048048500715; 10; 3; 0.014100; 0.425935; 0.499801
532; 1419879048053536115; 10; 3; 0.126530; -0.367072; -0.357653
533; 1419879048058571515; 10; 3; 0.865108; -0.861895; -0.998970
534; 1419879048063606916; 10; 3; 1.396897; -1.019859; -1.479821
535; 1419879048068642316; 10; 3; 1.434833; -1.023763; -1.824593
536; 1419879048073677717; 10; 3; 0.936856; -0.772335; -1.935034
537; 1419879048078713117; 10; 3; 0.435535; -0.305188; -1.990992
538; 1419879048083748517; 10; 3; 0.012363; 0.217711; -1.926041
539; 1419879048088783918; 10; 3; -0.569732; 0.582698; -1.811595
540; 1419879048093819318; 10; 3; -0.956604; 0.772084; -1.836445
541; 1419879048098915754; 10; 3; -1.102836; 0.793524; -1.719817
542; 1419879048104225812; 10; 3; -1.011979; 0.817911; -1.630589
543; 1419879048108925519; 10; 3; -0.706004; 0.753537; -1.489182
544; 1419879048113960920; 10; 3; -0.478631; 0.693501; -1.215961
545; 1419879048118996320; 10; 3; -0.259340; 0.632133; -1.111699
546; 1419879048124062238; 10; 3; -0.018236; 0.608098; -0.987062
547; 1419879048129219709; 10; 3; 0.131155; 0.571844; -1.042703
548; 1419879048134285627; 10; 3; 0.157429; 0.540228; -1.367401
549; 1419879048139290509; 10; 3; 0.176216; 0.437483; -1.698159
550; 1419879048144325910; 10; 3; 0.129539; 0.494540; -2.014825
551; 1419879048149391828; 10; 3; 0.072585; 0.412390; -2.292573
552; 1419879048154427228; 10; 3; -0.062570; 0.375210; -2.452037
553; 1419879048159432111; 10; 3; -0.113714; 0.332435; -2.568393
554; 1419879048164498029; 10; 3; -0.109660; 0.315946; -2.644067
555; 1419879048169472394; 10; 3; -10.740573; -0.943486; -2.870580
556; 1419879048174538312; 10; 3; 3.089734; 5.522861; -8.632556
557; 1419879048179573713; 10; 3; 7.591909; -0.178502; -1.388487
558; 1419879048184609113; 10; 3; 0.095678; -3.240903; 0.222040
559; 1419879048189675031; 10; 3; 1.556761; -2.498267; -3.170835
560; 1419879048194649396; 10; 3; 1.956287; -0.873569; -1.525647
561; 1419879048199715314; 10; 3; 2.908737; 0.321276; -1.349255
562; 1419879048204781232; 10; 3; 1.376132; -0.117924; -1.283571
563; 1419879048209755597; 10; 3; 0.786659; -0.921118; -0.591098
564; 1419879048214821515; 10; 3; 1.265429; -0.776932; -0.527397
565; 1419879048219734845; 10; 3; 1.276038; -0.414171; -0.635518
566; 1419879048224739728; 10; 3; 0.709582; -0.383033; -0.766750
567; 1419879048229775129; 10; 3; 0.593053; -1.140723; -0.818995
568; 1419879048234749494; 10; 3; 0.823633; -1.496939; -0.591640
569; 1419879048239815412; 10; 3; 0.980625; -1.381081; -0.321559
570; 1419879048244850812; 10; 3; 0.801905; -1.198816; 0.033605
571; 1419879048249886213; 10; 3; 0.465878; -1.035637; 0.448684
572; 1419879048255135236; 10; 3; 0.377130; -0.801830; 0.745776
573; 1419879048259957013; 10; 3; 0.426124; -0.566943; 1.502203
574; 1419879048264992414; 10; 3; 0.543656; -0.415909; 2.017363
575; 1419879048270027814; 10; 3; 0.701490; -0.349289; 2.021008
576; 1419879048275063215; 10; 3; 0.861149; -0.428653; 1.717540
577; 1419879048280098615; 10; 3; 0.985318; -0.496890; 1.081456
578; 1419879048285134015; 10; 3; 1.123259; -0.549359; 0.543309
579; 1419879048290169416; 10; 3; 1.127474; -0.527056; -0.339419
580; 1419879048295204816; 10; 3; 0.979357; -0.574860; -1.090248
581; 1419879048300240217; 10; 3; 0.837659; -0.595809; -1.736294
582; 1419879048305275617; 10; 3; 0.524127; -0.528914; -2.278559
583; 1419879048310311017; 10; 3; 0.128119; -0.431035; -2.497122
584; 1419879048315346418; 10; 3; -0.279628; -0.242608; -2.593076
585; 1419879048320381818; 10; 3; -0.644504; -0.186193; -2.547265
586; 1419879048325417218; 10; 3; -1.094587; -0.154297; -2.012427
587; 1419879048330452619; 10; 3; -1.463703; -0.173899; -1.379317
588; 1419879048335488019; 10; 3; -1.635332; -0.111518; -0.304492
589; 1419879048340523420; 10; 3; -1.568929; 0.045167; 0.851861
590; 1419879048345558820; 10; 3; -1.623146; 0.130491; 1.993095
591; 1419879048350594220; 10; 3; -1.696856; 0.020120; 2.667620
592; 1419879048355629621; 10; 3; -1.356156; -0.047511; 3.385721
593; 1419879048360665021; 10; 3; -1.184994; -0.094264; 4.196858
594; 1419879048365700422; 10; 3; -0.812258; -0.580535; 4.141680
595; 1419879048370735822; 10; 3; -0.890023; -0.457227; 4.190526
596; 1419879048375771222; 10; 3; -0.695760; -0.258059; 4.264787
597; 1419879048380806623; 10; 3; -0.529270; -0.334012; 3.858282
598; 1419879048385842023; 10; 3; -0.238409; -0.360330; 3.324690
599; 1419879048390877424; 10; 3; 0.034775; -0.286035; 2.775551
600; 1419879048395943342; 10; 3; 0.442541; -0.391128; 2.209208
601; 1419879048401039777; 10; 3; 0.866800; -0.440560; 1.626400
602; 1419879048406258283; 10; 3; 1.061139; -0.352498; 1.205729
603; 1419879048411049543; 10; 3; 1.277413; -0.132325; 0.589325
604; 1419879048416084943; 10; 3; 1.241265; -0.057213; -0.005260
605; 1419879048421120343; 10; 3; 0.938251; -0.011161; -0.507488
606; 1419879048426155744; 10; 3; 0.679539; 0.171630; -0.816937
607; 1419879048431191144; 10; 3; 0.211431; 0.204982; -0.482811
608; 1419879048436226545; 10; 3; -0.288872; 0.447706; 0.001669
609; 1419879048441261945; 10; 3; -0.575509; 0.639115; 0.769750
610; 1419879048446297345; 10; 3; -0.903402; 0.853609; 1.705378
611; 1419879048451332746; 10; 3; -4.328520; 0.649123; 4.362202
612; 1419879048456368146; 10; 3; -0.868003; 2.228348; 3.858045
613; 1419879048461403547; 10; 3; -0.617842; 1.732402; 4.587676
614; 1419879048466438947; 10; 3; -0.157254; 0.692655; 5.358968
615; 1419879048471474347; 10; 3; -0.069699; -0.011173; 6.111763
616; 1419879048476509748; 10; 3; 0.750522; 0.086838; 6.234323
617; 1419879048481545148; 10; 3; 1.877047; 0.148574; 5.994833
618; 1419879048486580549; 10; 3; 2.509295; -0.119163; 5.813052
619; 1419879048491615949; 10; 3; 2.734764; -0.465754; 5.586508
620; 1419879048496681867; 10; 3; 2.838484; -0.565468; 5.267599
621; 1419879048501717267; 10; 3; 2.567766; -0.362170; 4.877799
622; 1419879048506722150; 10; 3; 2.487201; -0.473877; 4.310134
623; 1419879048511788068; 10; 3; 2.383709; -0.237840; 3.534901
624; 1419879048516792951; 10; 3; 2.197912; -0.110250; 2.648366
625; 1419879048521828351; 10; 3; 1.981253; -0.075454; 1.939248
626; 1419879048526863752; 10; 3; 1.629454; -0.048572; 1.356105
627; 1419879048531899152; 10; 3; 1.295189; 0.058713; 0.677671
628; 1419879048536934552; 10; 3; 0.980209; 0.262156; 0.170211
629; 1419879048541969953; 10; 3; 0.295300; 0.717536; -0.514730
630; 1419879048547005353; 10; 3; -0.177783; 0.921643; -0.674592
631; 1419879048552101789; 10; 3; -0.367658; 1.093061; -0.804448
632; 1419879048557320295; 10; 3; -0.320526; 1.200577; -0.794952
633; 1419879048562111554; 10; 3; -0.155939; 1.235685; -0.740125
634; 1419879048567269025; 10; 3; 0.008043; 1.221686; -0.696984
635; 1419879048572334943; 10; 3; 0.281502; 1.052911; -0.540722
636; 1419879048577339826; 10; 3; 0.571906; 0.875747; -0.548362
637; 1419879048582357221; 10; 3; 0.831834; 0.700780; -0.581771
638; 1419879048587392622; 10; 3; 1.162222; 0.628053; -0.689663
639; 1419879048592458540; 10; 3; 1.393845; 0.551847; -0.857697
640; 1419879048597463422; 10; 3; 1.646502; 0.410865; -1.114382
641; 1419879048602529340; 10; 3; 1.806857; 0.275385; -1.204128
642; 1419879048607564741; 10; 3; 1.837021; 0.246973; -1.388761
643; 1419879048612569624; 10; 3; 1.700624; 0.202064; -1.282022
644; 1419879048617605024; 10; 3; 1.439767; 0.180866; -1.062627
645; 1419879048622670942; 10; 3; 1.185705; 0.379185; -0.935126
646; 1419879048627675825; 10; 3; 0.986106; 0.549645; -0.987316
647; 1419879048632711225; 10; 3; 0.730600; 0.613790; -1.124957
648; 1419879048637746626; 10; 3; 0.386336; 0.590955; -1.422738
649; 1419879048642812544; 10; 3; 0.045339; 0.694080; -1.668896
650; 1419879048647817426; 10; 3; -0.111089; 0.861864; -1.972937
651; 1419879048652883344; 10; 3; -0.472945; 0.664333; -4.767033
652; 1419879048657888227; 10; 3; -2.044700; 2.242050; -9.700723
653; 1419879048662923628; 10; 3; -1.694669; 1.396836; -4.066351
654; 1419879048667959028; 10; 3; -2.818158; 0.944659; -2.365494
655; 1419879048672994428; 10; 3; -2.658093; 1.253434; -0.457746
656; 1419879048678029829; 10; 3; -1.675719; 1.798518; 1.278999
657; 1419879048683065229; 10; 3; -1.029984; 1.885952; 2.323590
658; 1419879048688100629; 10; 3; -0.696918; 1.469199; 3.048339
659; 1419879048692983442; 10; 3; -0.017347; 1.218315; 3.253696
660; 1419879048697988325; 10; 3; 0.750330; 1.150536; 2.923203
661; 1419879048703054243; 10; 3; 1.087224; 1.172571; 2.520388
662; 1419879048708272749; 10; 3; 0.810226; 1.116882; 1.839918
663; 1419879048713125044; 10; 3; 0.704151; 1.055218; 0.602441
664; 1419879048718160444; 10; 3; 0.834695; 0.485458; -1.098299
665; 1419879048723195844; 10; 3; 1.002939; 0.241332; -2.500714
666; 1419879048728231245; 10; 3; 1.192436; 0.258501; -3.420703
